2166.86702 20.173 0.143
2189.87256 20.760 0.326
2192.77508 20.209 0.119
2201.78729 20.166 0.105
2212.81953 20.570 0.225
2217.80392 20.499 0.251
2223.82448 19.998 0.148
2228.84226 19.872 0.127
2230.75570 20.268 0.174
2232.77590 20.065 0.151
2234.76989 20.348 0.150
2238.72050 20.024 0.140
2240.84946 20.244 0.186
2242.85520 19.988 0.186
2248.73644 19.958 0.100
2251.76610 20.258 0.148
2253.78942 19.924 0.098
2255.71197 20.809 0.298
2258.71693 20.357 0.159
2261.68422 19.858 0.116
2264.82006 20.408 0.128
2269.79296 20.113 0.158
2271.74124 20.201 0.146
2273.83160 20.143 0.186
2275.80506 20.374 0.216
2277.80785 19.948 0.115
2279.80466 20.219 0.151
2281.76753 20.206 0.125
2283.82472 20.286 0.129
2289.76159 19.998 0.127
2291.76772 20.165 0.195
2293.73609 19.975 0.156
2295.75712 20.093 0.131
2297.74807 20.017 0.148
2299.78044 20.406 0.210
2301.68590 20.255 0.197
2303.68129 20.539 0.295
2323.58400 20.135 0.129
2326.59101 20.721 0.265
2332.53445 20.660 0.369
2338.55697 20.529 0.214
2356.50019 20.302 0.232
2524.87761 20.805 0.298
2542.84341 20.069 0.136
2544.90250 19.953 0.253
2551.89267 20.119 0.166
2559.83062 20.290 0.190
2563.87584 19.856 0.148
2573.80159 20.258 0.206
2577.86437 20.331 0.202
2583.76081 20.172 0.158
2589.80222 20.238 0.150
2596.69070 20.434 0.341
2605.76974 20.242 0.148
2609.68014 20.124 0.195
2611.68381 20.167 0.217
2617.83042 20.278 0.194
2620.79944 20.641 0.198
2623.77266 20.418 0.207
2626.69778 20.144 0.214
2627.63953 20.826 0.516
2628.86487 20.282 0.410
2630.85364 19.980 0.256
2632.64432 19.985 0.155
2635.63841 20.303 0.166
2637.78282 20.357 0.202
2639.79483 20.128 0.098
2641.67322 19.992 0.143
2643.68180 20.114 0.155
2645.67261 20.083 0.123
2647.59938 20.558 0.220
2651.66837 20.471 0.213
2653.69618 20.555 0.300
2655.67747 20.497 0.210
2657.81045 19.836 0.147
2659.68222 20.028 0.140
2661.70231 20.355 0.181
2665.80422 20.007 0.167
2671.81018 20.004 0.136
2675.74063 19.931 0.108
2679.77010 20.654 0.273
2682.62542 20.432 0.264
2686.61855 20.439 0.248
2691.56389 20.265 0.237
2695.60272 20.151 0.220
2700.55371 20.388 0.218
2713.53889 20.047 0.240
2841.94322 19.927 0.166
2868.90568 20.001 0.156
2890.84876 20.250 0.247
2895.88443 20.127 0.123
2900.84664 19.899 0.112
2906.87109 20.072 0.105
2910.90441 20.309 0.253
2915.90453 20.086 0.374
2922.78471 20.258 0.248
2925.87309 19.914 0.127
2930.78566 20.331 0.185
2933.83007 20.226 0.119
2939.83845 20.091 0.159
2941.85647 20.366 0.152
2943.73132 20.359 0.203
2946.83436 20.450 0.205
2948.82468 20.188 0.143
2952.82067 20.132 0.148
2956.66406 20.306 0.163
2958.69083 20.029 0.142
2962.70173 20.281 0.155
2965.71877 20.220 0.154
2967.81814 20.229 0.124
2970.78370 20.581 0.148
2974.72332 20.257 0.162
2976.75721 20.458 0.181
2978.65170 19.903 0.155
2980.67814 20.306 0.186
2982.63727 20.080 0.183
2984.67841 20.130 0.143
2986.76626 20.615 0.232
2988.73427 20.293 0.179
2990.66759 20.192 0.127
2992.75724 19.996 0.115
2994.66853 20.078 0.177
2996.75536 20.262 0.154
2998.71010 20.163 0.142
2999.80319 20.658 0.244
3001.68085 20.366 0.133
3003.67650 20.155 0.143
3005.63349 20.121 0.167
3007.75198 20.249 0.155
3009.68777 20.133 0.131
3011.63336 20.331 0.256
3013.66402 20.348 0.170
3017.63935 20.335 0.123
3018.73117 20.031 0.132
3020.80643 20.586 0.252
3022.83290 20.116 0.139
3024.78142 20.214 0.123
3026.77878 20.551 0.175
3028.79086 20.509 0.163
3030.79109 20.109 0.116
3033.71845 20.230 0.107
3035.72469 20.387 0.150
3038.70308 19.894 0.121
3040.70273 20.207 0.203
3042.64632 20.244 0.193
3044.58020 20.021 0.147
3046.59570 20.214 0.148
3048.58060 20.065 0.115
3050.59950 20.040 0.090
3052.59658 20.491 0.162
3054.59737 20.034 0.132
3056.59460 20.268 0.143
3058.58833 20.115 0.150
3060.60883 19.976 0.116
3064.61340 19.945 0.150
3067.67032 20.652 0.229
3069.63045 20.574 0.251
3073.54526 20.443 0.283
3075.63460 20.280 0.201
3078.55448 20.002 0.151
3082.54348 20.104 0.170
3084.61993 20.243 0.135
3087.58221 20.053 0.171
3090.53771 20.763 0.387
3098.62691 20.669 0.306
3101.58459 20.402 0.368
3104.55787 20.257 0.181
3107.54202 20.668 0.411
3111.53142 20.354 0.260
3114.52539 20.562 0.272
3126.48983 20.407 0.212
3144.50515 19.937 0.198
3224.90527 20.558 0.251
3247.91015 20.351 0.182
3256.88841 20.060 0.137
3263.86316 20.429 0.125
3268.87896 20.181 0.111
3273.85047 20.168 0.151
3276.86866 19.981 0.160
3281.83352 20.110 0.109
3289.84689 20.279 0.197
3294.84506 20.634 0.179
3296.85042 20.136 0.109
3298.88095 20.766 0.342
3301.70133 20.114 0.170
3303.87036 20.791 0.286
3306.84500 20.379 0.199
3308.86192 20.269 0.181
3311.67203 20.355 0.222
3320.70517 20.548 0.195
3329.83424 20.404 0.148
3334.73400 20.278 0.186
3338.78977 20.179 0.131
3354.76380 20.186 0.131
3358.64532 20.262 0.116
3361.74109 20.116 0.142
3363.73123 20.602 0.249
3367.68476 19.905 0.136
3372.70354 20.407 0.146
3386.76552 19.976 0.080
3391.61091 20.480 0.236
3395.67495 20.616 0.257
3398.72268 20.323 0.168
3402.66793 20.254 0.136
3404.59580 20.540 0.213
3408.54923 20.244 0.159
3412.59446 20.218 0.156
3414.62603 20.115 0.154
3419.59690 20.136 0.155
3426.53238 20.748 0.265
3433.58357 20.394 0.213
3443.55420 20.042 0.127
3453.52062 20.188 0.162
3575.92587 20.214 0.174
3589.90928 20.178 0.119
3617.89414 20.180 0.133
3629.83360 20.048 0.171
3634.79969 20.124 0.123
3640.76881 20.285 0.155
3641.84357 20.118 0.125
3650.83890 20.132 0.104
3653.86683 20.200 0.127
3657.81738 20.097 0.102
3660.78304 20.338 0.214
3664.81850 20.022 0.107
3668.77580 20.207 0.185
3672.76428 20.214 0.124
3676.86578 20.239 0.171
3684.80996 20.317 0.147
3687.72894 19.895 0.097
3689.82754 20.271 0.152
3692.75190 20.345 0.174
3694.82589 20.394 0.158
3696.70115 20.485 0.190
3699.71341 20.208 0.121
3701.76432 20.436 0.158
3704.73078 20.080 0.102
3706.78498 20.114 0.117
3711.67599 19.935 0.109
3713.68965 20.452 0.154
3719.76647 20.328 0.241
3722.82568 20.035 0.154
3726.68889 20.324 0.187
3728.66165 20.244 0.102
3731.76220 20.324 0.133
3733.64841 20.226 0.108
3734.75136 20.345 0.128
3736.77026 19.959 0.109
3737.65890 20.238 0.125
3739.72099 20.373 0.135
3741.82725 19.856 0.158
3743.72513 20.680 0.198
3746.76755 20.226 0.179
3748.72019 20.397 0.244
3750.72637 20.363 0.164
3752.73441 19.875 0.104
3754.75574 20.344 0.174
3755.67547 20.181 0.179
3757.64960 20.311 0.168
3759.61530 20.666 0.242
3762.70011 20.260 0.155
3765.72201 20.467 0.101
3769.76262 20.249 0.124
3772.73098 20.527 0.168
3775.72289 19.959 0.171
3778.70142 20.342 0.163
3782.60956 20.470 0.209
3786.58563 20.237 0.146
3791.58194 20.237 0.148
3798.58169 20.422 0.155
3806.51153 20.196 0.248
3820.51427 20.749 0.271
3945.90929 20.081 0.116
3965.93246 20.054 0.144
3971.82427 20.256 0.179
3974.92457 20.523 0.265
3981.81544 20.186 0.181
3988.90885 20.701 0.333
3995.85029 20.053 0.167
4002.84643 20.634 0.194
4005.79642 20.148 0.121
4007.80064 20.010 0.119
4011.78103 20.568 0.333
4018.76661 19.985 0.147
4023.82010 20.134 0.131
4026.73067 20.056 0.117
4028.86680 20.244 0.105
4031.75448 20.640 0.229
4037.86337 20.279 0.160
4040.83066 19.783 0.105
4042.84540 20.734 0.304
4046.72131 20.178 0.163
4048.81026 20.158 0.206
4052.65308 19.818 0.082
4053.85077 20.189 0.113
4056.69431 19.773 0.137
4059.68154 20.084 0.142
4064.64963 20.336 0.137
4066.62741 20.845 0.298
4069.69302 20.233 0.139
4071.62134 20.287 0.181
4076.69380 20.578 0.303
4079.70641 19.871 0.129
4082.69675 19.957 0.109
4084.77661 20.206 0.170
4087.69606 20.095 0.117
4093.79023 20.041 0.120
4104.82011 20.128 0.214
4113.69961 20.396 0.175
4119.63782 20.389 0.213
4122.68668 20.313 0.131
4125.73414 20.066 0.154
4129.73357 20.196 0.151
4142.59639 19.949 0.123
4150.56840 20.126 0.105
4154.58438 20.728 0.338
4166.52679 20.450 0.276
4184.51971 20.791 0.335
4340.91692 20.207 0.131
4346.90501 20.245 0.167
4351.84544 20.554 0.226
4357.85719 20.340 0.268
4363.78561 20.490 0.247
4365.80924 20.374 0.325
4369.80482 20.523 0.321
4372.77949 20.164 0.136
4376.87005 20.135 0.151
4379.87658 20.212 0.183
4383.88064 20.524 0.207
4388.87456 20.492 0.249
4393.74845 20.466 0.194
4398.82366 20.255 0.166
4403.76425 20.255 0.237
4411.75948 20.357 0.147
4417.84224 20.062 0.115
4421.75466 20.294 0.120
4425.82784 20.280 0.178
4429.73858 20.155 0.287
4432.78017 20.344 0.147
4436.70664 20.001 0.151
4439.75082 20.087 0.163
4442.72819 20.523 0.261
4448.78388 19.976 0.101
4450.78857 20.435 0.210
4453.76438 20.063 0.125
4456.77771 20.074 0.171
4459.68773 20.130 0.133
4462.68974 20.284 0.160
4465.73004 20.083 0.117
4474.68518 19.913 0.105
4478.78793 20.138 0.142
4481.78674 20.060 0.132
4484.69645 20.134 0.166
4487.75884 20.854 0.470
4492.71144 20.646 0.267
4494.74588 20.713 0.298
4499.64244 20.194 0.177
4502.69967 20.056 0.181
4507.65839 20.512 0.228
4509.65564 20.428 0.212
4516.60479 19.909 0.185
4520.67675 20.149 0.224
4522.56382 20.405 0.214
4524.57787 20.078 0.166
4530.58308 20.209 0.197
4532.57506 20.491 0.287
4537.57314 20.107 0.158
4540.62192 20.393 0.249
4549.57834 20.231 0.201
4560.51695 20.151 0.175
4567.52857 20.361 0.279
4574.54957 20.282 0.226
4592.48731 20.370 0.349
4681.94064 20.165 0.269
4691.90629 20.032 0.172
4702.91816 20.624 0.294
4719.83367 20.222 0.194
4726.90804 20.453 0.269
4731.88433 20.193 0.132
4747.85674 20.125 0.131
4752.81786 20.232 0.214
4756.82703 20.145 0.172
4759.87410 20.354 0.183
4762.83383 20.338 0.166
4768.81182 19.956 0.119
4771.85392 20.725 0.290
4774.86329 20.033 0.160
4777.70069 20.120 0.150
4780.84963 20.294 0.171
4783.81955 20.321 0.175
4788.74896 20.489 0.209
4791.72631 20.292 0.113
4794.73066 20.210 0.146
4797.71203 20.243 0.181
4800.75530 20.041 0.101
4802.78691 20.104 0.109
4804.81108 20.185 0.139
4805.83412 20.102 0.146
4807.78501 19.943 0.105
4810.74295 20.600 0.216
4814.69213 20.401 0.236
4816.68899 20.599 0.251
4818.71111 20.254 0.168
4820.71792 20.213 0.131
4823.73156 20.183 0.148
4825.82245 20.189 0.166
4831.86105 20.104 0.232
4832.82130 20.878 0.303
4834.79039 20.045 0.154
4837.69041 20.357 0.252
4839.71895 20.368 0.190
4841.75525 20.328 0.198
4843.75452 19.944 0.190
4846.72328 20.099 0.146
4850.73851 20.481 0.195
4852.73254 20.233 0.159
4855.73996 19.688 0.115
4857.71810 20.488 0.257
4866.68529 20.178 0.172
4868.68341 20.213 0.150
4870.67284 19.940 0.155
4873.70353 20.120 0.159
4875.60054 20.348 0.155
4876.63119 20.278 0.131
4878.65611 20.135 0.115
4882.57541 20.388 0.209
4884.63777 20.253 0.159
4888.55428 20.780 0.241
4900.58593 20.048 0.171
4904.61173 20.156 0.222
4914.56786 19.891 0.137
4918.56618 19.993 0.143
4924.58519 19.769 0.090
4928.57501 20.180 0.164
4930.52620 19.792 0.150
4934.52308 19.479 0.105
4938.51436 19.923 0.166
4942.53092 20.214 0.166
4947.52431 20.564 0.256
