2171.88226 18.857 0.063
2183.84165 18.984 0.093
2184.84118 19.026 0.081
2191.81204 18.985 0.048
2200.82188 18.854 0.045
2206.75803 18.722 0.065
2223.74513 18.952 0.056
2226.72070 18.803 0.053
2228.76440 18.765 0.049
2230.67614 18.975 0.062
2232.69792 19.025 0.055
2234.69099 19.014 0.055
2238.63554 19.147 0.071
2240.77064 18.912 0.062
2242.77248 18.939 0.081
2244.82327 18.694 0.078
2249.69561 18.996 0.055
2251.84136 18.978 0.068
2253.68160 18.750 0.044
2256.68667 19.028 0.061
2259.67864 18.893 0.050
2262.68383 18.947 0.058
2264.66760 18.996 0.059
2269.74503 18.679 0.049
2273.64015 19.097 0.077
2277.71175 19.044 0.051
2279.72112 18.906 0.059
2281.71321 18.969 0.048
2283.73899 18.965 0.047
2288.72753 18.632 0.039
2290.76232 18.718 0.050
2292.73716 18.774 0.066
2294.70477 19.161 0.094
2296.72638 18.863 0.083
2298.68249 18.907 0.066
2300.69447 18.947 0.098
2302.67035 18.938 0.079
2304.68639 18.772 0.072
2316.55475 18.992 0.061
2322.58810 19.003 0.058
2325.59454 18.623 0.055
2331.53101 18.918 0.072
2337.55357 18.939 0.063
2345.51335 18.831 0.066
2350.51547 18.934 0.075
2365.53272 18.915 0.091
2519.90861 18.694 0.054
2526.88684 18.837 0.043
2541.88110 18.935 0.048
2544.80786 19.094 0.067
2551.80778 19.062 0.065
2554.90021 18.597 0.096
2559.71574 18.931 0.058
2563.78965 18.939 0.075
2571.84600 18.723 0.069
2577.78450 18.670 0.049
2580.81324 18.654 0.040
2588.85377 18.823 0.047
2594.73028 18.814 0.077
2599.76147 18.846 0.057
2607.72592 18.684 0.042
2617.71759 19.097 0.081
2620.68226 19.036 0.063
2622.82871 19.006 0.059
2624.82249 18.710 0.039
2625.80373 19.036 0.056
2628.60772 19.100 0.093
2631.60621 18.666 0.051
2634.58492 18.825 0.051
2640.66910 18.982 0.068
2642.66130 18.673 0.055
2644.65799 18.909 0.055
2646.64584 18.909 0.061
2650.61271 19.004 0.057
2652.62430 18.618 0.043
2654.73640 19.057 0.083
2657.68370 18.698 0.048
2659.75687 18.999 0.094
2661.75614 18.882 0.058
2663.68302 18.705 0.065
2665.72626 18.933 0.043
2667.65680 18.977 0.053
2671.63440 19.033 0.051
2673.63322 18.744 0.046
2675.62628 18.793 0.060
2677.62418 18.936 0.079
2679.68743 18.633 0.046
2681.67448 18.828 0.058
2685.62151 19.034 0.071
2690.57514 18.944 0.068
2694.56603 18.906 0.051
2699.56077 18.784 0.063
2705.53902 19.115 0.066
2711.56568 18.906 0.063
2732.50172 18.976 0.090
2872.87072 18.941 0.075
2883.88413 19.080 0.058
2892.84934 19.104 0.082
2896.82380 19.039 0.067
2900.91205 18.798 0.073
2905.90095 18.894 0.066
2910.81148 18.730 0.040
2915.81681 18.671 0.035
2921.81902 18.746 0.051
2925.76234 18.948 0.064
2929.79103 18.663 0.043
2932.87324 18.730 0.047
2939.75212 18.712 0.047
2942.73032 18.790 0.053
2946.75083 18.849 0.060
2952.72549 19.014 0.070
2955.78707 19.022 0.088
2957.71968 19.118 0.069
2963.72742 18.932 0.072
2966.69433 19.101 0.063
2968.85806 18.861 0.064
2972.84552 19.003 0.050
2975.66742 19.095 0.071
2977.73816 18.916 0.066
2979.79023 18.995 0.061
2981.79764 19.000 0.101
2983.69836 18.980 0.065
2986.68063 18.735 0.043
2988.64551 18.995 0.060
2990.77899 19.009 0.063
2992.66350 19.214 0.075
2994.75981 18.958 0.050
2996.63578 18.934 0.042
2998.61732 19.019 0.060
3000.63546 19.022 0.057
3002.62016 18.959 0.055
3004.62302 18.688 0.043
3006.67208 18.913 0.048
3008.62309 18.989 0.077
3010.64334 19.015 0.065
3012.73872 18.917 0.078
3016.65736 18.941 0.056
3018.64277 18.963 0.058
3020.68377 18.700 0.051
3022.74937 18.957 0.048
3024.69775 18.739 0.039
3026.66676 19.019 0.047
3028.67229 18.759 0.037
3030.70762 18.805 0.039
3033.62806 18.808 0.042
3035.63581 18.954 0.052
3041.54231 18.753 0.057
3043.57177 18.824 0.076
3045.61089 18.710 0.042
3047.56534 18.951 0.061
3049.57028 18.834 0.044
3051.56250 18.781 0.048
3053.55888 18.990 0.053
3055.55755 18.989 0.059
3057.55676 18.666 0.041
3059.55537 18.936 0.048
3061.54959 18.938 0.058
3064.57252 18.991 0.074
3067.56036 18.909 0.064
3069.54536 18.780 0.048
3072.54361 18.999 0.061
3075.54417 18.728 0.052
3077.62888 18.764 0.047
3081.62033 18.993 0.047
3084.52717 18.863 0.050
3086.56517 18.935 0.070
3089.55101 19.078 0.066
3092.53624 18.953 0.089
3098.53719 18.873 0.065
3101.50113 19.041 0.080
3103.49794 18.796 0.056
3109.50003 18.640 0.042
3113.48811 18.996 0.087
3123.52103 18.868 0.085
3133.49460 18.953 0.080
3230.89365 18.728 0.044
3238.87722 18.754 0.057
3246.90900 18.774 0.053
3254.89712 18.873 0.050
3262.87163 18.803 0.041
3268.79492 19.017 0.045
3276.83659 18.643 0.046
3281.74982 18.712 0.036
3283.84963 18.939 0.046
3289.76316 18.976 0.050
3296.71709 18.769 0.037
3298.79716 18.619 0.036
3300.85313 18.982 0.054
3303.76036 18.838 0.063
3306.76184 19.018 0.064
3308.77855 19.007 0.065
3310.81090 18.924 0.053
3314.73222 19.091 0.068
3321.65272 18.944 0.057
3325.71448 18.872 0.049
3329.74710 18.972 0.037
3334.64331 19.184 0.120
3338.69672 18.820 0.044
3349.67412 19.061 0.056
3355.71403 18.912 0.046
3359.63518 19.043 0.053
3366.69710 18.778 0.044
3377.65366 18.832 0.039
3386.66809 18.701 0.031
3390.77315 18.967 0.058
3395.77710 19.051 0.095
3398.65039 18.928 0.054
3400.63004 19.100 0.084
3403.63957 19.010 0.060
3406.57343 19.011 0.047
3410.59152 19.048 0.044
3415.61384 18.754 0.045
3424.57648 18.597 0.056
3429.59136 18.757 0.047
3434.58072 18.955 0.051
3444.51719 19.050 0.066
3451.49179 18.595 0.056
3591.92790 18.758 0.039
3608.92035 18.663 0.041
3615.91412 18.787 0.047
3633.78687 19.103 0.084
3638.81611 18.992 0.055
3641.78620 18.910 0.047
3646.85355 19.074 0.081
3653.78399 18.938 0.050
3656.83636 18.891 0.043
3661.77180 18.988 0.066
3665.77500 18.943 0.052
3671.74106 19.110 0.061
3674.86315 18.987 0.050
3683.77900 18.989 0.052
3686.82690 18.751 0.033
3689.74184 19.034 0.051
3692.66488 18.765 0.051
3695.72891 18.779 0.047
3698.68661 18.925 0.056
3700.72596 19.037 0.043
3702.81357 18.973 0.042
3705.72038 18.900 0.040
3707.69542 18.730 0.045
3712.85062 18.751 0.051
3715.84845 19.078 0.055
3718.65016 18.777 0.053
3721.63332 18.850 0.053
3725.70051 18.866 0.054
3727.64485 19.042 0.070
3731.67522 18.778 0.034
3736.65611 18.907 0.041
3739.65947 18.722 0.047
3745.60525 18.674 0.040
3747.71831 19.081 0.104
3749.60108 18.861 0.076
3751.70523 18.647 0.045
3754.56701 18.888 0.050
3756.73313 18.857 0.061
3758.65725 18.880 0.061
3761.70458 19.020 0.050
3764.68169 18.962 0.043
3769.68012 19.042 0.045
3772.64800 19.159 0.063
3775.61913 19.079 0.063
3778.61837 18.720 0.043
3781.63171 18.904 0.074
3785.60203 18.587 0.042
3790.57079 18.919 0.050
3797.55049 18.684 0.049
3804.54698 19.034 0.070
3817.51379 18.556 0.053
3936.93449 18.659 0.046
3960.89653 18.983 0.053
3968.84070 19.086 0.071
3973.92188 18.907 0.051
3979.90767 18.767 0.049
3987.85241 18.948 0.062
3994.90743 18.929 0.059
4001.81527 18.739 0.041
4004.78600 18.733 0.038
4007.71858 18.955 0.045
4009.79177 18.728 0.044
4014.81716 18.937 0.070
4016.82950 18.641 0.042
4021.86128 19.045 0.069
4025.87164 19.089 0.056
4028.78147 18.936 0.045
4030.85563 18.568 0.033
4037.75268 18.879 0.043
4040.74767 19.045 0.055
4042.76388 19.042 0.074
4045.86554 18.889 0.085
4048.72722 18.850 0.055
4053.76917 18.909 0.046
4055.71894 18.935 0.076
4057.69783 18.871 0.061
4060.63690 18.689 0.038
4065.65505 18.986 0.044
4067.62054 18.690 0.040
4069.61025 18.753 0.047
4072.64817 18.875 0.049
4077.68032 18.834 0.054
4080.66455 18.852 0.044
4084.69415 18.934 0.056
4092.77558 19.037 0.043
4100.83090 18.986 0.048
4104.73619 19.348 0.108
4107.67228 18.630 0.042
4117.63786 18.679 0.047
4121.63886 18.866 0.055
4123.70956 19.081 0.060
4126.61056 18.759 0.056
4129.69942 18.887 0.046
4147.57581 18.905 0.068
4153.55463 18.921 0.066
4164.53697 18.955 0.070
4176.54265 19.085 0.062
4192.51363 18.660 0.075
4350.81579 19.004 0.054
4355.83632 18.914 0.057
4362.76515 19.128 0.076
4365.77774 19.005 0.093
4369.77321 18.835 0.071
4373.74871 18.919 0.053
4376.78821 18.983 0.069
4379.79376 18.876 0.050
4383.79883 18.684 0.049
4388.73873 18.945 0.066
4392.73519 18.927 0.044
4397.77217 18.651 0.046
4402.84966 18.935 0.061
4406.79983 18.813 0.052
4410.86716 18.674 0.064
4416.82709 18.879 0.048
4420.84874 19.001 0.074
4425.84488 18.919 0.055
4431.72206 18.678 0.053
4435.75313 19.006 0.082
4439.76563 18.809 0.060
4441.84602 18.734 0.068
4444.68230 19.033 0.079
4450.69803 18.939 0.075
4453.68067 18.650 0.052
4456.68345 19.128 0.075
4458.66812 19.128 0.102
4463.68044 18.976 0.048
4466.67019 18.806 0.046
4469.65137 18.916 0.062
4473.60597 18.769 0.048
4477.69300 19.060 0.066
4479.67446 19.068 0.066
4483.67457 18.921 0.058
4486.67337 19.038 0.069
4489.69128 18.936 0.082
4493.65087 19.099 0.077
4498.60762 19.037 0.057
4500.73065 18.796 0.055
4502.65725 18.849 0.067
4507.60445 18.788 0.048
4509.59755 18.925 0.072
4515.56905 18.805 0.091
4520.56116 18.825 0.065
4523.57976 18.938 0.054
4525.58524 18.830 0.045
4531.54700 18.901 0.060
4534.51805 18.960 0.075
4538.59565 19.109 0.084
4540.53961 19.077 0.090
4543.63083 18.768 0.069
4549.50940 19.062 0.077
4559.50522 18.997 0.097
4566.50601 19.017 0.063
4571.49802 18.989 0.083
4589.47992 18.951 0.092
4690.92641 18.931 0.065
4703.89008 18.695 0.046
4715.88504 18.737 0.046
4722.78295 18.990 0.056
4726.78030 18.577 0.045
4731.82362 18.999 0.056
4743.83509 18.607 0.047
4750.83947 19.022 0.052
4755.85812 19.107 0.072
4759.79233 18.733 0.038
4762.75219 18.912 0.043
4768.73023 18.982 0.057
4771.77185 19.086 0.054
4774.69456 18.988 0.066
4776.80575 18.807 0.086
4779.84272 18.931 0.053
4783.70874 19.087 0.062
4787.72463 18.921 0.088
4790.71882 18.732 0.043
4793.72166 19.087 0.081
4795.70003 18.991 0.058
4799.69753 18.876 0.054
4802.70533 18.742 0.049
4805.66298 18.962 0.053
4807.75342 19.098 0.061
4810.68559 18.757 0.043
4813.66423 18.713 0.065
4815.67741 19.035 0.071
4817.68358 18.750 0.047
4819.67578 18.952 0.049
4821.71284 18.949 0.038
4825.72839 18.966 0.057
4831.77312 18.936 0.050
4834.69337 18.907 0.059
4836.70557 18.629 0.045
4839.68698 18.685 0.044
4841.69159 19.088 0.067
4843.69758 18.725 0.066
4846.66225 18.937 0.047
4848.68936 19.140 0.073
4850.68151 18.911 0.052
4854.66360 18.931 0.053
4856.66992 19.008 0.049
4859.64782 18.880 0.056
4864.61484 18.764 0.040
4865.66643 18.887 0.058
4868.65150 19.002 0.062
4870.61656 18.836 0.048
4872.64617 18.680 0.081
4874.54719 18.972 0.054
4876.53710 18.976 0.047
4879.62516 18.731 0.043
4882.62132 19.015 0.074
4884.54391 18.930 0.077
4887.57683 19.025 0.052
4901.62072 19.036 0.099
4911.59614 18.725 0.059
4915.51768 18.866 0.067
4918.53406 18.777 0.061
4924.54899 18.958 0.051
4928.54469 18.688 0.060
4933.51466 18.887 0.060
4937.51129 18.643 0.046
4941.52771 18.789 0.062
4953.48006 19.006 0.097
