2165.90781 20.460 0.305
2166.82639 20.549 0.200
2172.87516 21.253 0.384
2189.83242 21.500 0.660
2191.86676 20.675 0.193
2200.86778 20.774 0.341
2212.78174 20.868 0.270
2217.76665 20.277 0.205
2223.78693 20.483 0.192
2226.76177 20.572 0.235
2228.80529 20.221 0.162
2230.71841 20.773 0.299
2232.73892 21.449 0.417
2234.73269 21.052 0.326
2238.68353 20.691 0.261
2240.81245 21.045 0.336
2242.81825 22.832 2.487
2244.86487 20.916 0.676
2249.75148 20.713 0.226
2251.78397 20.764 0.219
2253.74440 21.223 0.319
2255.85416 22.026 0.938
2258.66107 20.310 0.142
2261.64668 21.553 0.528
2265.74871 20.809 0.262
2271.66182 20.550 0.214
2273.65753 20.362 0.190
2275.76778 20.533 0.237
2277.76255 20.613 0.205
2279.76765 21.037 0.297
2281.78152 20.633 0.179
2283.78464 20.881 0.201
2289.71377 20.837 0.237
2291.72123 21.218 0.491
2293.69334 20.804 0.291
2295.72011 20.736 0.196
2297.71097 20.974 0.344
2299.73336 20.713 0.217
2302.58061 20.846 0.293
2304.71665 20.555 0.298
2317.63015 21.054 0.268
2323.53133 20.810 0.314
2326.54894 21.256 0.390
2338.51662 20.580 0.283
2344.50940 21.042 0.348
2354.51119 20.646 0.420
2368.49521 21.820 1.149
2401.49721 20.907 0.371
2520.90608 20.940 0.336
2521.88540 21.201 0.360
2537.83878 21.135 0.619
2539.81387 21.453 0.627
2542.80625 20.475 0.189
2545.78791 20.589 0.282
2551.85236 21.038 0.284
2555.87643 20.704 0.237
2559.78533 20.847 0.312
2563.83554 21.413 0.497
2573.76449 21.883 1.080
2577.82538 21.254 0.446
2580.85482 20.537 0.168
2589.76163 20.740 0.234
2599.82219 20.363 0.173
2609.63466 21.375 0.636
2620.75892 20.563 0.174
2623.70321 20.898 0.295
2627.59943 20.566 0.316
2629.62433 21.063 0.417
2631.67359 20.792 0.385
2634.66847 21.012 0.235
2637.69448 20.621 0.231
2639.80927 21.060 0.256
2641.63191 20.829 0.235
2643.64295 20.820 0.207
2645.63567 21.285 0.348
2646.66309 20.533 0.202
2650.71939 20.522 0.252
2652.70958 21.139 0.413
2654.81413 21.294 0.434
2657.72867 21.602 0.660
2659.69765 20.968 0.300
2661.79735 21.166 0.398
2665.76732 20.720 0.229
2667.78748 21.854 0.755
2673.67649 20.681 0.241
2675.70341 20.957 0.254
2677.73807 20.795 0.358
2679.72879 21.563 0.505
2681.76064 22.302 1.169
2686.55395 20.953 0.554
2690.63220 20.455 0.286
2695.56280 21.111 0.341
2700.51384 21.070 0.449
2705.58573 20.565 0.194
2712.54819 21.283 0.530
2734.49789 21.594 0.781
2869.87918 20.972 0.410
2884.84123 20.875 0.267
2890.80902 21.128 0.503
2895.84472 21.091 0.338
2900.80037 20.632 0.208
2906.83134 20.843 0.236
2910.86481 20.704 0.182
2915.86098 21.020 0.226
2921.86328 20.737 0.255
2925.82451 20.907 0.261
2925.83937 21.481 0.455
2929.84371 21.840 0.668
2933.79033 20.693 0.175
2939.79887 20.999 0.340
2942.77429 20.930 0.238
2946.79472 20.499 0.236
2948.83981 20.684 0.203
2952.77909 21.312 0.459
2955.83613 21.056 0.520
2957.76367 20.762 0.272
2961.74702 21.313 0.385
2963.80525 21.421 0.540
2966.74466 20.582 0.146
2970.67121 21.130 0.270
2974.67339 20.461 0.163
2975.79852 20.430 0.179
2979.83502 20.613 0.196
2981.84224 20.580 0.450
2983.74302 20.948 0.310
2986.72549 21.153 0.358
2988.69238 20.879 0.250
2990.71702 20.760 0.227
2992.71385 20.895 0.258
2994.80461 21.116 0.274
2996.68012 20.810 0.198
2998.66339 20.763 0.251
3000.68021 21.501 0.463
3002.66742 20.866 0.235
3004.66716 20.628 0.185
3006.61286 21.216 0.278
3010.68743 20.682 0.299
3012.78287 21.073 0.578
3016.70158 20.751 0.254
3018.69144 20.960 0.292
3020.76678 21.017 0.367
3022.79321 21.382 0.415
3024.74182 20.966 0.247
3026.71087 20.762 0.183
3028.74660 20.894 0.172
3030.75165 20.489 0.173
3033.67357 20.649 0.139
3035.67974 20.589 0.213
3038.66340 20.993 0.399
3041.56054 21.218 0.488
3043.59035 20.947 0.425
3045.62939 21.092 0.341
3047.58354 20.912 0.333
3049.58925 20.711 0.195
3050.55988 21.192 0.272
3052.55417 20.847 0.255
3054.55584 20.696 0.201
3056.55498 20.852 0.234
3058.54801 21.404 0.415
3060.56911 21.162 0.317
3069.58937 21.020 0.328
3072.63747 20.709 0.336
3075.59205 20.441 0.187
3078.51332 20.963 0.326
3081.66682 20.733 0.232
3084.57902 20.836 0.207
3087.53997 20.989 0.339
3089.64263 21.254 0.403
3092.58141 20.668 0.368
3098.58437 21.040 0.357
3101.54468 21.070 0.458
3104.51611 20.746 0.287
3110.52445 20.987 0.471
3113.50809 20.953 0.401
3125.50554 21.261 0.621
3135.47146 20.249 0.237
3229.88560 20.410 0.156
3239.89950 20.542 0.211
3247.87041 20.932 0.278
3256.84185 20.724 0.252
3268.83925 21.017 0.237
3273.79813 20.538 0.231
3276.88361 20.727 0.278
3281.79381 20.836 0.204
3283.89362 21.887 0.782
3289.80751 20.728 0.214
3294.80545 21.690 0.487
3296.81088 21.133 0.275
3298.84145 20.921 0.257
3301.66172 21.541 0.665
3303.81319 19.942 0.192
3306.80560 20.938 0.284
3308.82238 20.733 0.275
3310.85472 21.090 0.307
3314.82224 21.412 0.478
3321.70103 20.850 0.204
3325.75893 20.591 0.174
3329.79415 21.079 0.188
3334.69029 21.363 0.583
3338.74633 20.574 0.189
3349.71848 20.620 0.199
3352.63300 20.789 0.226
3355.65486 22.203 1.168
3359.71385 20.951 0.236
3363.69176 21.750 0.623
3369.75391 20.605 0.233
3372.66379 21.055 0.263
3377.69794 20.795 0.224
3381.80849 21.010 0.286
3386.78058 20.640 0.137
3391.57135 21.549 0.631
3395.62611 21.350 0.464
3398.68288 21.107 0.331
3400.66926 21.176 0.554
3403.65804 20.765 0.283
3406.59199 21.151 0.281
3410.60973 21.218 0.272
3415.56531 21.783 0.607
3421.56977 20.717 0.209
3428.56876 21.925 1.013
3436.56307 21.367 0.370
3443.50579 21.524 0.601
3452.52561 20.673 0.183
3574.91622 21.453 0.543
3585.93905 22.039 0.994
3588.90656 20.835 0.299
3590.90844 20.655 0.172
3614.89775 21.227 0.377
3629.79311 20.924 0.306
3634.75123 20.958 0.345
3640.74760 21.083 0.257
3644.88989 20.876 0.260
3650.79968 20.606 0.158
3653.82757 20.793 0.251
3656.88353 20.762 0.262
3661.78993 21.263 0.449
3666.78711 21.032 0.313
3671.78550 20.476 0.161
3675.79992 20.998 0.247
3683.82308 20.734 0.193
3687.68492 21.413 0.466
3689.78851 20.924 0.244
3692.70905 21.104 0.312
3694.84131 20.381 0.143
3696.66184 20.735 0.223
3699.67411 21.230 0.298
3701.72527 20.305 0.135
3704.74655 20.636 0.154
3706.74506 21.002 0.205
3711.63685 20.837 0.243
3713.65046 21.074 0.255
3716.68393 21.097 0.335
3719.66118 20.776 0.290
3725.74450 20.601 0.255
3727.69245 20.832 0.294
3730.62079 20.882 0.158
3733.60947 21.285 0.288
3734.71230 20.910 0.215
3736.73128 20.642 0.171
3738.65318 20.606 0.176
3740.68817 20.637 0.190
3743.65366 21.569 0.492
3746.72758 20.918 0.326
3748.68019 20.159 0.157
3750.57247 20.412 0.224
3752.69371 20.780 0.218
3754.68211 21.361 0.420
3758.70299 21.113 0.400
3762.66106 20.650 0.175
3765.65166 20.811 0.132
3769.72363 21.611 0.339
3772.69177 20.460 0.178
3775.66376 20.786 0.337
3778.66221 21.431 0.426
3781.72326 20.823 0.331
3786.54630 20.415 0.165
3791.54191 20.524 0.158
3798.54226 20.908 0.257
3805.52745 20.233 0.173
3819.50630 20.442 0.163
3937.94655 20.525 0.334
3961.90113 21.279 0.520
3968.88366 20.411 0.193
3974.86923 20.770 0.289
3981.77673 20.741 0.235
3987.90075 21.053 0.335
3995.80837 22.415 1.175
4002.80776 21.332 0.282
4004.82898 21.227 0.284
4007.76162 21.485 0.341
4011.74231 20.482 0.221
4018.78170 20.824 0.270
4023.77611 20.839 0.203
4026.69209 20.760 0.220
4028.82809 20.680 0.178
4031.71584 20.533 0.168
4037.81619 20.858 0.212
4040.79151 21.315 0.358
4042.80699 20.903 0.255
4046.68176 20.695 0.288
4048.77112 20.770 0.236
4051.76077 20.474 0.181
4053.81208 21.275 0.319
4056.63193 21.149 0.456
4059.64296 21.029 0.308
4064.66563 20.806 0.172
4067.66610 21.102 0.267
4069.65420 21.602 0.474
4072.69136 20.825 0.239
4076.76180 20.373 0.177
4079.63672 20.812 0.248
4082.65739 20.719 0.255
4084.73782 21.578 0.500
4087.65759 20.861 0.211
4093.80593 20.933 0.294
4102.61220 20.704 0.281
4104.78089 20.580 0.288
4109.63775 21.498 0.518
4113.66101 20.995 0.237
4118.56793 20.472 0.221
4120.65404 20.561 0.144
4124.68478 21.060 0.247
4127.63868 20.802 0.180
4132.61670 20.449 0.223
4142.55164 20.949 0.305
4150.52873 21.114 0.328
4153.60331 20.832 0.237
4165.53371 21.279 0.544
4180.52360 20.888 0.408
4341.83816 20.576 0.268
4345.89729 20.670 0.246
4350.87173 20.769 0.330
4355.87932 20.625 0.286
4361.84008 20.372 0.258
4364.84691 21.405 0.554
4367.75940 20.608 0.310
4370.79627 21.612 0.675
4376.83138 20.795 0.306
4379.83772 20.843 0.260
4383.84198 20.376 0.196
4388.78185 21.314 0.418
4392.83611 21.292 0.337
4398.78493 20.818 0.282
4403.72473 20.638 0.252
4410.85189 21.166 0.347
4417.73981 20.691 0.177
4421.71582 20.969 0.268
4421.77174 20.768 0.195
4425.73580 21.460 0.505
4429.69999 20.777 0.395
4431.83982 20.589 0.372
4435.85864 20.275 0.280
4439.71236 21.054 0.381
4442.68961 20.857 0.317
4448.74305 21.259 0.486
4450.74992 21.424 0.617
4453.72558 21.079 0.282
4456.73894 21.401 0.568
4458.68658 21.010 0.307
4461.63663 21.075 0.265
4465.65746 21.101 0.297
4468.68825 21.184 0.238
4473.62453 21.051 0.313
4477.71206 20.825 0.281
4479.73366 20.970 0.276
4483.69357 21.512 0.586
4486.69202 20.884 0.338
4490.69026 20.922 0.359
4493.76107 20.560 0.265
4498.62566 20.831 0.232
4501.61871 21.195 0.383
4503.61519 20.660 0.248
4508.56251 20.658 0.265
4510.64430 21.246 0.395
4516.52500 21.864 1.197
4520.61500 20.742 0.361
4523.59854 20.946 0.318
4530.54197 22.358 1.320
4532.51398 22.887 2.722
4535.59307 21.113 0.468
4538.61370 21.118 0.470
4540.58296 21.562 0.755
4544.54883 21.237 0.513
4546.60084 20.759 0.404
4559.52949 21.641 0.832
4566.55182 21.038 0.340
4574.51023 21.499 0.941
4591.47373 20.440 0.283
4681.90187 20.962 0.272
4691.86739 21.954 1.033
4704.89815 20.726 0.302
4717.86398 20.644 0.151
4722.88363 21.192 0.286
4726.82454 21.792 0.635
4730.84640 20.882 0.238
4747.81759 20.849 0.206
4750.89090 20.071 0.251
4756.78835 21.090 0.325
4759.83551 20.732 0.183
4762.79521 21.045 0.288
4768.77324 21.555 0.478
4771.81517 21.048 0.321
4774.79589 21.012 0.269
4776.84959 20.743 0.339
4780.78259 20.593 0.233
4783.78052 21.042 0.308
4788.70705 21.173 0.417
4791.68349 22.520 1.189
4794.65328 21.323 0.352
4797.67060 21.194 0.358
4800.71668 20.821 0.202
4802.74836 20.518 0.179
4805.71772 20.933 0.269
4807.68032 21.144 0.378
4809.67307 21.621 0.518
4812.66067 20.540 0.304
4814.64872 20.245 0.183
4816.65036 21.021 0.313
4818.67251 20.437 0.164
4820.67944 21.233 0.285
4823.68305 21.410 0.536
4825.77182 20.573 0.225
4831.81375 20.662 0.269
4834.74697 21.171 0.426
4836.74935 21.197 0.288
4838.69995 20.632 0.216
4841.71650 20.567 0.227
4843.71580 20.980 0.413
4846.68171 20.511 0.193
4848.70758 20.866 0.281
4850.69968 20.997 0.286
4852.69386 20.824 0.261
4854.69698 21.990 0.762
4856.69342 20.534 0.220
4859.66598 21.541 0.584
4865.71267 21.477 0.501
4867.64893 21.045 0.247
4870.63440 21.612 0.537
4873.65689 21.034 0.345
4875.61485 21.091 0.368
4877.64022 20.637 0.197
4879.56866 20.883 0.254
4882.66176 20.778 0.268
4884.59927 20.731 0.303
4887.63565 20.741 0.203
4901.63884 21.806 0.982
4908.58630 20.715 0.235
4916.53131 20.522 0.215
4920.56286 21.485 0.536
4926.51964 20.208 0.219
4931.55647 23.091 2.991
4935.52310 21.762 0.625
4939.53006 20.863 0.380
4943.52977 20.511 0.239
4948.50650 20.676 0.323
4955.48973 20.932 0.296
