2171.90070 20.181 0.155
2184.86209 20.619 0.313
2189.80642 20.625 0.321
2191.83319 20.336 0.130
2200.84015 20.608 0.218
2211.81589 20.489 0.233
2217.74280 20.554 0.280
2223.76274 20.641 0.233
2226.73790 20.502 0.232
2228.78152 20.411 0.199
2230.69451 20.429 0.225
2232.71505 20.187 0.136
2234.70823 20.579 0.209
2238.65955 20.351 0.198
2240.78791 20.783 0.276
2242.78979 20.385 0.240
2244.84050 20.232 0.204
2249.71285 20.047 0.124
2251.80771 20.100 0.121
2253.70422 20.227 0.119
2256.70395 20.352 0.159
2258.81933 20.505 0.224
2261.61160 20.525 0.186
2265.66153 20.707 0.198
2271.63797 20.223 0.172
2273.79100 20.023 0.147
2275.72891 20.625 0.258
2277.73242 20.529 0.157
2279.74338 20.373 0.157
2281.73059 20.258 0.131
2283.75887 20.489 0.141
2289.68261 20.578 0.211
2291.69143 20.274 0.149
2293.66735 20.295 0.194
2295.68689 20.670 0.214
2297.68502 20.434 0.202
2299.67779 20.307 0.152
2301.64719 21.148 0.539
2303.64403 20.396 0.234
2317.56775 20.556 0.172
2322.61335 20.134 0.146
2326.52273 20.135 0.179
2331.55324 20.219 0.178
2337.57203 20.099 0.146
2349.53178 20.568 0.289
2366.50717 20.208 0.275
2397.50236 20.241 0.209
2520.87992 20.182 0.203
2535.91117 20.532 0.387
2542.78232 20.553 0.225
2544.82628 20.221 0.165
2551.82634 20.606 0.229
2555.85039 20.311 0.171
2559.73809 20.657 0.253
2563.80943 20.656 0.266
2571.86443 20.522 0.284
2577.80157 20.406 0.205
2580.83073 20.318 0.146
2589.73058 20.472 0.222
2594.74983 20.661 0.449
2599.79124 20.269 0.187
2607.74841 20.574 0.218
2613.67299 20.719 0.340
2617.76360 20.664 0.302
2620.70297 20.529 0.204
2623.67757 19.941 0.136
2626.65673 20.210 0.170
2628.82291 20.175 0.196
2631.62370 20.460 0.225
2634.64428 20.611 0.181
2637.67050 20.191 0.159
2640.71138 20.513 0.208
2642.68103 20.114 0.176
2644.67935 20.537 0.228
2650.66100 20.457 0.174
2652.64410 21.180 0.353
2655.63884 20.063 0.152
2657.70125 20.102 0.166
2659.72158 20.685 0.274
2661.77338 20.284 0.191
2663.70438 20.574 0.298
2665.74343 20.313 0.161
2667.75830 20.320 0.179
2671.65910 20.357 0.152
2673.65148 20.594 0.189
2675.67576 20.374 0.219
2677.68241 20.360 0.201
2679.70482 20.528 0.226
2681.69330 20.579 0.256
2685.63982 20.690 0.384
2690.59371 20.829 0.312
2695.53147 20.346 0.213
2699.58379 20.423 0.243
2705.55757 20.195 0.149
2712.52221 20.760 0.432
2733.49182 20.336 0.258
2870.90337 20.589 0.235
2883.90294 20.370 0.144
2888.88401 20.436 0.172
2894.81907 20.480 0.231
2899.81995 20.659 0.228
2905.80927 20.549 0.226
2910.83915 20.300 0.129
2915.83503 20.233 0.118
2921.83743 20.777 0.280
2925.78073 20.336 0.201
2929.81783 20.329 0.154
2933.76466 20.312 0.128
2939.77051 20.481 0.240
2942.74862 20.322 0.182
2946.76907 20.256 0.172
2949.75274 20.194 0.165
2952.74593 20.063 0.173
2955.81028 20.404 0.288
2957.73794 20.114 0.154
2961.72064 20.119 0.176
2963.77969 20.079 0.173
2966.71908 20.548 0.185
2969.66789 20.310 0.163
2975.76934 20.298 0.158
2977.75722 20.353 0.189
2977.78325 20.262 0.160
2979.80922 20.325 0.170
2981.81624 20.296 0.326
2983.71688 20.455 0.226
2986.69953 20.310 0.185
2988.66670 20.511 0.220
2990.74286 20.580 0.189
2992.68319 20.440 0.190
2994.77819 20.397 0.166
2996.65419 20.517 0.165
2998.63710 20.285 0.173
3000.65386 20.199 0.131
3002.63960 20.667 0.200
3004.64139 20.526 0.176
3006.69092 20.460 0.178
3010.66175 20.557 0.218
3012.75717 20.486 0.353
3016.67595 20.492 0.189
3018.66100 20.611 0.247
3020.70729 20.412 0.234
3022.76773 20.629 0.184
3024.71596 20.402 0.146
3026.68507 20.451 0.141
3028.72091 20.163 0.092
3030.72592 20.590 0.181
3033.64801 20.383 0.122
3035.65412 20.285 0.149
3038.63773 20.814 0.414
3040.66304 20.735 0.410
3042.59806 20.563 0.229
3044.54015 20.397 0.179
3046.55595 20.196 0.129
3048.53312 20.234 0.116
3050.53429 20.254 0.129
3052.52859 20.291 0.189
3054.53002 20.306 0.167
3056.52931 20.574 0.182
3057.57567 20.380 0.172
3058.52221 20.242 0.191
3060.54193 20.025 0.129
3062.53565 20.615 0.265
3067.57853 20.437 0.247
3069.56363 20.258 0.151
3072.61052 20.250 0.261
3075.56551 20.142 0.170
3077.64896 20.492 0.235
3081.64025 20.246 0.167
3084.54844 20.709 0.202
3087.51212 20.648 0.233
3089.57035 20.368 0.283
3092.55569 19.996 0.173
3098.55780 20.669 0.260
3102.49623 20.868 0.337
3105.53504 20.340 0.251
3108.51341 20.520 0.206
3111.49139 21.475 0.753
3114.48269 20.594 0.237
3125.47996 21.635 0.953
3134.48035 20.430 0.291
3229.91140 20.525 0.164
3246.92723 20.415 0.411
3247.84490 20.400 0.204
3254.91729 20.289 0.192
3262.89185 20.026 0.132
3268.81348 20.495 0.155
3273.77253 20.397 0.233
3276.81816 20.571 0.238
3281.76827 20.367 0.130
3283.86805 20.385 0.145
3289.78183 20.468 0.162
3294.77936 20.421 0.166
3296.78505 20.469 0.154
3298.81567 20.107 0.141
3300.87155 22.061 0.783
3303.78652 20.848 0.314
3306.78016 20.459 0.181
3308.79686 20.152 0.140
3310.82923 20.877 0.285
3314.75643 20.584 0.269
3321.67127 20.791 0.243
3325.73307 20.745 0.262
3329.76766 20.723 0.143
3334.66297 20.519 0.267
3338.71564 20.246 0.130
3349.69277 20.100 0.104
3352.65952 20.547 0.213
3355.68081 20.827 0.308
3359.68593 20.962 0.261
3369.68588 20.248 0.141
3377.67227 20.202 0.119
3381.77781 20.228 0.144
3389.66732 20.258 0.177
3394.71291 20.525 0.203
3396.59234 20.297 0.174
3399.62977 20.367 0.152
3402.62810 20.199 0.126
3404.55627 20.166 0.145
3409.53545 20.480 0.214
3414.53079 20.792 0.310
3418.62349 20.099 0.161
3428.60552 20.016 0.155
3434.60310 20.426 0.147
3444.53555 21.066 0.382
3452.49699 20.156 0.179
3585.91360 20.308 0.136
3590.93461 20.509 0.179
3592.90651 20.362 0.113
3617.85473 20.160 0.149
3629.76516 21.083 0.412
3633.81238 20.308 0.228
3638.76597 20.849 0.328
3641.80432 20.213 0.152
3646.88349 20.584 0.262
3653.80218 20.636 0.186
3656.85802 20.409 0.152
3660.74393 20.376 0.229
3665.79341 20.249 0.189
3671.75935 20.185 0.171
3675.77438 20.500 0.163
3683.79742 20.443 0.134
3686.84510 20.400 0.141
3689.76296 20.394 0.154
3692.68339 19.916 0.115
3694.86674 20.503 0.326
3698.70963 20.190 0.203
3700.74423 20.198 0.102
3702.83187 20.519 0.122
3705.73871 20.394 0.125
3707.71479 20.137 0.159
3712.81830 20.398 0.156
3715.63599 20.574 0.238
3718.66859 20.427 0.198
3722.62201 20.282 0.171
3725.71891 20.107 0.161
3728.62240 20.552 0.157
3731.69362 20.397 0.135
3734.68654 20.509 0.135
3736.67456 20.407 0.131
3738.62765 20.187 0.126
3740.59799 20.333 0.133
3743.59534 20.828 0.256
3746.59657 20.518 0.211
3748.62491 20.347 0.283
3750.59792 20.924 0.364
3752.61322 20.298 0.136
3754.65136 20.110 0.125
3756.75136 20.771 0.319
3758.67664 20.804 0.362
3761.72289 20.431 0.122
3765.58843 20.523 0.125
3769.69823 20.507 0.131
3772.66631 20.596 0.229
3775.63761 20.297 0.181
3778.63663 20.473 0.190
3781.68240 20.269 0.220
3785.62025 20.931 0.309
3790.58896 20.126 0.112
3797.56922 20.331 0.167
3804.56529 20.429 0.230
3818.51446 20.274 0.192
3937.91698 20.380 0.258
3961.87585 20.076 0.236
3968.85861 20.136 0.148
3974.83220 20.597 0.276
3981.75177 20.288 0.167
3987.87571 20.395 0.188
3995.78251 20.521 0.203
3999.81546 20.347 0.158
4004.80388 20.617 0.186
4007.73647 20.124 0.117
4009.89459 20.789 0.300
4016.84752 19.888 0.124
4023.75082 20.496 0.145
4026.66389 20.457 0.161
4028.79980 20.344 0.121
4030.87709 20.823 0.266
4037.77066 20.225 0.133
4040.76642 20.410 0.181
4042.78182 20.321 0.166
4046.65659 20.975 0.435
4048.74512 20.410 0.170
4051.73568 20.214 0.187
4053.78705 20.870 0.205
4055.73679 20.348 0.196
4057.71574 19.785 0.119
4060.65503 20.574 0.175
4065.70254 20.462 0.128
4067.64100 20.694 0.236
4069.62895 20.102 0.143
4072.66625 20.193 0.156
4077.69853 20.828 0.278
4080.68230 20.085 0.135
4084.71221 20.977 0.312
4087.73912 20.405 0.147
4092.79494 20.498 0.143
4100.85135 20.433 0.188
4104.75517 20.062 0.196
4107.72786 20.590 0.194
4117.65595 20.385 0.190
4122.64771 20.391 0.130
4124.62284 20.166 0.095
4126.69249 20.123 0.163
4131.54544 20.775 0.381
4149.63729 20.358 0.224
4153.57801 20.347 0.180
4164.55654 20.215 0.200
4177.54397 20.503 0.236
4345.87215 20.424 0.200
4350.83403 20.181 0.130
4355.85421 20.355 0.202
4361.81498 20.465 0.287
4364.79942 20.490 0.213
4366.82186 20.450 0.248
4370.76720 20.288 0.222
4373.76713 20.442 0.171
4376.80625 20.289 0.179
4379.81184 20.822 0.291
4383.81694 20.290 0.170
4388.75664 20.270 0.180
4392.78175 20.427 0.136
4397.79222 20.338 0.181
4402.86769 20.495 0.215
4410.82653 20.366 0.173
4416.85003 20.622 0.178
4425.70661 20.638 0.302
4431.76492 20.377 0.199
4435.79920 20.093 0.190
4439.68713 20.516 0.239
4442.75473 20.681 0.245
4448.71344 20.326 0.192
4450.72380 20.339 0.210
4453.70032 20.136 0.108
4457.66991 20.508 0.240
4459.64920 20.433 0.192
4464.64739 20.475 0.145
4467.65772 20.424 0.166
4471.64648 20.571 0.140
4474.70068 20.423 0.162
4478.71437 20.221 0.147
4481.74351 20.146 0.107
4484.65711 20.541 0.311
4487.71987 20.442 0.233
4490.71536 20.163 0.251
4494.64466 20.500 0.250
4499.58997 20.232 0.137
4502.62208 20.532 0.200
4507.62162 20.193 0.140
4509.61553 20.379 0.202
4520.58969 20.226 0.215
4523.52108 20.086 0.146
4530.51655 20.169 0.193
4533.53829 20.471 0.228
4537.53398 20.696 0.259
4540.55774 20.922 0.401
4544.50357 20.276 0.264
4547.59915 20.312 0.222
4558.54942 20.157 0.139
4564.49530 20.489 0.267
4570.53701 20.251 0.169
4583.47297 20.078 0.221
4598.47733 20.444 0.266
4672.93868 20.279 0.251
4675.94124 20.513 0.294
4677.92171 20.770 0.208
4691.84226 20.780 0.401
4703.90781 20.346 0.187
4704.87294 20.267 0.205
4716.86293 20.876 0.231
4722.80075 20.859 0.236
4726.79939 20.055 0.144
4731.84338 20.539 0.172
4747.79212 20.420 0.175
4750.86569 20.329 0.165
4755.87599 20.207 0.155
4759.81031 20.268 0.124
4762.77010 20.605 0.186
4768.74816 20.476 0.200
4771.78997 20.552 0.194
4774.74205 20.235 0.142
4776.82383 20.527 0.308
4779.86064 20.115 0.124
4783.72677 20.370 0.157
4788.66147 20.205 0.171
4790.83668 20.288 0.117
4793.73993 20.361 0.192
4795.75420 20.456 0.176
4799.71558 20.431 0.184
4802.72333 20.372 0.164
4805.69223 20.347 0.149
4807.70556 20.341 0.201
4810.70398 20.560 0.200
4813.69080 20.361 0.260
4815.69552 20.383 0.213
4817.70155 20.843 0.265
4819.69402 20.543 0.152
4821.75823 20.447 0.121
4825.74648 20.256 0.150
4831.79133 20.554 0.231
4834.72163 20.272 0.191
4836.72411 20.141 0.110
4840.65214 20.429 0.233
4842.65005 20.441 0.175
4844.64941 20.792 0.208
4847.71613 20.345 0.176
4849.70877 20.411 0.239
4851.78186 20.683 0.244
4853.71386 20.418 0.190
4855.70133 20.246 0.170
4863.63336 20.364 0.144
4866.64643 20.262 0.145
4869.59818 20.151 0.155
4871.62844 20.304 0.179
4873.62372 20.431 0.193
4875.55734 20.252 0.166
4875.63968 20.397 0.174
4878.58466 20.956 0.238
4882.63919 20.829 0.326
4884.57359 20.490 0.207
4887.61047 20.134 0.105
4899.65354 21.215 0.511
4900.53127 20.357 0.214
4905.55596 20.745 0.302
4919.52361 20.203 0.159
4925.53273 20.367 0.201
4929.50650 20.093 0.221
4933.53151 20.387 0.219
4936.50579 20.403 0.179
4940.52064 20.889 0.296
4945.51431 20.546 0.229
4951.49402 20.995 0.504
