2166.81545 19.894 0.121
2172.86425 20.341 0.154
2183.87557 20.282 0.229
2189.82153 19.976 0.193
2191.85072 20.328 0.126
2212.77181 20.180 0.150
2217.75676 20.538 0.298
2223.77700 20.026 0.125
2226.75187 20.409 0.187
2228.79540 20.138 0.144
2230.70852 20.637 0.267
2232.72905 20.337 0.133
2234.72281 20.452 0.194
2238.67367 20.560 0.233
2240.80258 20.025 0.137
2242.80837 20.159 0.206
2244.85501 20.304 0.253
2249.73544 20.407 0.169
2251.77027 20.398 0.151
2253.72017 20.238 0.105
2255.84426 20.275 0.162
2258.65121 20.155 0.127
2261.63679 20.394 0.176
2265.67896 20.552 0.197
2271.65194 20.400 0.179
2273.64763 20.215 0.175
2275.75789 19.980 0.141
2277.75269 20.253 0.134
2279.75778 20.038 0.107
2281.77165 20.168 0.122
2283.77476 20.431 0.129
2289.70391 20.240 0.144
2291.71132 20.120 0.193
2293.68344 20.571 0.201
2295.71019 20.314 0.126
2297.70106 20.601 0.251
2299.69983 20.781 0.238
2302.57015 20.036 0.150
2304.70670 19.948 0.179
2317.62017 20.197 0.137
2323.52041 20.460 0.223
2326.53805 20.142 0.152
2331.57321 20.373 0.211
2338.50568 21.498 1.040
2344.49848 20.388 0.302
2354.50022 20.063 0.230
2368.48422 20.377 0.296
2401.48611 20.532 0.302
2520.89513 20.521 0.260
2521.87446 20.378 0.168
2539.80385 20.473 0.273
2542.79626 20.641 0.258
2545.77795 20.302 0.215
2551.84151 20.228 0.145
2555.86557 20.283 0.194
2563.82469 20.182 0.181
2573.75457 20.508 0.284
2577.81548 20.835 0.303
2580.84493 20.245 0.132
2589.75087 20.505 0.215
2594.76572 19.990 0.244
2599.81142 20.294 0.159
2607.81173 20.473 0.208
2609.61583 20.697 0.346
2613.71555 19.824 0.159
2617.78024 20.212 0.199
2620.74832 20.262 0.132
2623.69266 20.515 0.224
2627.58884 20.372 0.247
2629.61447 20.289 0.186
2634.65859 20.010 0.127
2637.68460 20.199 0.144
2639.79942 20.219 0.110
2641.62205 20.614 0.213
2643.63307 20.057 0.115
2645.62580 20.147 0.140
2646.65320 20.537 0.222
2650.70873 20.457 0.242
2652.69558 20.336 0.213
2654.80424 20.024 0.158
2657.71878 20.292 0.220
2659.68774 20.371 0.193
2661.78747 20.427 0.220
2665.75739 20.437 0.208
2667.77755 20.152 0.163
2671.70312 20.252 0.251
2673.66566 20.301 0.165
2677.72814 20.366 0.184
2679.71885 20.537 0.305
2681.73460 20.392 0.231
2686.54325 20.502 0.378
2690.62151 20.471 0.260
2695.55206 20.005 0.159
2700.50309 20.181 0.493
2705.57499 19.911 0.114
2712.53741 20.615 0.319
2734.48707 20.149 0.267
2869.86908 20.493 0.263
2883.91834 20.247 0.172
2890.79822 20.257 0.249
2895.83398 20.717 0.288
2900.78961 20.578 0.173
2906.82063 20.398 0.152
2910.85407 20.151 0.115
2915.85034 20.249 0.111
2921.85260 20.297 0.159
2925.79812 20.440 0.199
2929.83307 20.315 0.157
2933.77968 20.210 0.118
2939.78824 20.638 0.296
2942.76365 20.227 0.134
2946.78409 20.495 0.194
2948.82922 20.473 0.175
2952.76844 20.075 0.150
2955.82553 20.138 0.193
2957.75311 20.536 0.208
2961.73643 20.392 0.175
2963.79467 20.177 0.190
2966.73411 20.369 0.137
2970.66068 20.406 0.170
2974.66281 20.241 0.140
2975.78800 20.163 0.129
2979.82445 20.585 0.209
2981.83171 20.004 0.244
2983.73249 20.166 0.145
2986.71495 20.344 0.154
2988.68179 20.184 0.129
2990.70236 20.156 0.110
2992.70327 20.025 0.104
2994.79403 20.333 0.140
2996.66953 20.138 0.105
2998.65284 20.163 0.154
3000.66963 20.396 0.180
3002.65680 20.331 0.133
3004.65659 20.707 0.198
3006.60229 20.258 0.127
3008.66534 20.513 0.348
3010.67684 19.960 0.148
3012.77229 20.261 0.277
3016.69099 20.421 0.170
3018.68087 20.500 0.209
3020.75617 20.236 0.201
3022.78266 20.239 0.126
3024.73121 20.225 0.123
3026.70025 20.691 0.193
3028.73602 20.210 0.100
3030.74098 20.280 0.148
3033.66296 20.394 0.116
3035.66912 19.931 0.125
3038.65278 20.040 0.165
3041.54995 20.522 0.242
3043.57972 20.482 0.284
3045.61872 20.384 0.183
3047.57293 20.198 0.165
3049.57862 20.267 0.145
3050.54925 20.207 0.127
3052.54352 20.589 0.226
3054.54513 20.610 0.227
3056.54427 20.392 0.157
3058.53731 20.283 0.184
3060.55846 20.525 0.205
3062.60576 20.322 0.184
3067.59379 20.389 0.251
3069.57861 20.079 0.151
3072.62673 20.211 0.234
3075.58130 20.770 0.302
3077.66416 20.151 0.181
3081.65609 20.160 0.133
3084.56434 20.238 0.133
3087.52832 20.288 0.197
3089.63185 20.399 0.176
3098.57355 20.972 0.378
3101.53385 19.911 0.169
3104.50529 20.357 0.209
3107.48121 19.613 0.165
3110.51360 20.301 0.256
3113.49728 20.272 0.263
3125.49466 20.645 0.339
3135.46059 20.003 0.247
3229.87474 20.258 0.139
3239.88876 20.188 0.166
3247.85965 20.398 0.195
3256.83110 20.899 0.334
3262.90682 20.360 0.191
3268.82857 20.638 0.177
3273.78742 19.926 0.152
3276.87297 20.468 0.224
3281.78318 20.615 0.165
3283.88295 20.246 0.119
3289.79687 20.186 0.116
3294.79483 20.259 0.147
3296.80023 20.158 0.098
3298.83077 20.713 0.199
3301.65111 20.619 0.283
3303.80255 20.214 0.226
3306.79499 20.193 0.162
3310.84413 20.482 0.195
3314.81166 20.440 0.219
3321.69044 20.408 0.157
3325.74834 20.152 0.137
3329.78361 20.595 0.132
3334.67970 20.095 0.172
3338.73574 20.115 0.133
3349.70792 20.450 0.170
3352.62241 20.305 0.176
3355.64431 20.114 0.162
3359.70108 20.264 0.139
3363.68118 20.378 0.187
3369.73783 20.208 0.186
3372.65321 20.235 0.115
3377.68736 20.125 0.118
3381.79307 20.433 0.166
3386.76997 20.388 0.111
3391.56073 19.691 0.126
3395.61167 20.211 0.152
3398.67228 20.274 0.187
3400.65868 20.236 0.206
3403.64738 20.264 0.157
3406.58137 20.258 0.119
3410.59918 20.230 0.115
3415.55474 20.550 0.212
3421.54360 20.484 0.265
3428.54930 20.309 0.151
3436.55244 20.316 0.140
3442.53171 20.451 0.238
3452.51492 20.249 0.144
3574.90548 20.391 0.204
3585.92829 20.414 0.161
3588.89582 20.191 0.162
3590.89773 20.298 0.126
3614.88706 20.132 0.143
3629.78248 20.159 0.180
3634.74066 20.824 0.260
3640.73596 20.101 0.114
3644.87930 20.459 0.179
3650.78907 20.394 0.141
3653.81700 19.986 0.118
3656.87296 20.184 0.123
3661.77940 20.139 0.162
3666.77659 20.323 0.180
3671.77500 20.486 0.197
3675.78942 20.518 0.163
3683.81255 20.656 0.163
3686.86020 20.221 0.125
3689.77805 20.429 0.157
3692.69858 20.233 0.136
3694.83082 20.688 0.197
3696.65139 20.231 0.126
3699.66365 20.538 0.148
3701.71479 20.310 0.122
3704.73606 20.664 0.165
3706.73461 20.264 0.115
3711.62638 20.736 0.219
3713.63999 19.966 0.100
3716.67347 20.394 0.213
3719.65072 20.131 0.152
3725.73406 19.994 0.155
3727.68198 20.494 0.206
3730.61030 20.232 0.093
3733.59900 20.221 0.105
3734.70181 20.389 0.130
3736.72078 20.308 0.122
3738.64269 20.088 0.108
3740.67775 20.317 0.121
3743.64320 20.243 0.141
3746.71051 20.348 0.273
3748.66970 20.194 0.197
3750.56200 20.389 0.242
3752.68320 20.537 0.165
3754.67104 20.454 0.184
3756.76639 19.853 0.208
3758.69245 20.109 0.208
3760.77413 21.451 0.576
3762.65053 20.125 0.111
3765.64116 20.165 0.080
3769.71305 20.203 0.098
3772.68124 20.308 0.147
3775.65266 20.282 0.229
3778.65167 20.208 0.148
3781.71271 20.465 0.255
3786.53572 20.242 0.151
3791.53130 20.398 0.158
3798.53164 20.203 0.161
3805.51679 20.193 0.195
3819.49562 20.344 0.175
3937.93578 20.133 0.169
3961.89056 19.926 0.186
3968.87311 20.215 0.166
3981.76622 20.250 0.150
3987.89023 20.461 0.199
3995.79785 20.837 0.283
4002.79732 20.460 0.134
4004.81846 20.333 0.137
4007.75116 20.619 0.158
4011.73184 20.083 0.118
4018.77129 20.597 0.230
4023.76569 20.343 0.137
4026.68168 20.113 0.143
4028.81770 20.322 0.144
4031.70544 20.749 0.231
4037.80582 20.411 0.163
4040.78111 20.501 0.177
4042.79660 20.582 0.181
4046.67141 20.776 0.362
4048.76077 20.925 0.287
4051.75040 20.183 0.180
4053.80174 20.557 0.166
4056.62159 21.911 0.932
4059.63262 20.075 0.134
4064.65528 20.432 0.140
4067.65579 20.188 0.129
4069.64387 20.278 0.151
4072.68107 20.024 0.141
4076.75146 20.231 0.190
4079.62641 20.304 0.162
4082.64705 20.563 0.234
4084.72752 20.244 0.180
4087.64724 20.049 0.096
4093.79559 20.490 0.193
4102.60184 20.376 0.176
4104.77052 19.903 0.150
4109.62734 20.002 0.129
4113.65063 20.471 0.137
4118.55762 21.585 0.611
4120.64359 20.335 0.112
4123.71775 20.647 0.193
4124.67442 20.033 0.114
4127.62831 20.497 0.126
4132.60631 19.834 0.140
4142.54118 20.272 0.173
4150.51827 20.158 0.169
4153.59282 20.539 0.188
4165.51504 20.265 0.244
4180.51303 20.108 0.199
4341.82757 20.561 0.271
4345.88675 20.591 0.258
4350.86123 20.580 0.226
4355.86880 20.319 0.206
4361.82962 20.109 0.195
4364.83644 20.285 0.237
4367.74892 20.620 0.305
4370.78580 20.408 0.252
4376.82096 20.308 0.187
4379.82727 20.310 0.176
4383.83154 20.581 0.219
4388.77143 20.085 0.162
4392.82567 20.475 0.143
4397.87467 20.129 0.183
4403.71434 20.436 0.238
4410.84156 20.276 0.150
4417.72949 20.183 0.112
4421.70543 20.267 0.132
4421.76137 20.191 0.110
4425.72548 20.458 0.233
4429.68968 20.501 0.277
4431.82948 19.992 0.233
4435.84829 20.488 0.237
4439.70199 20.244 0.177
4442.67923 20.490 0.230
4448.72830 20.433 0.234
4450.73961 19.984 0.152
4453.71520 20.535 0.172
4456.72860 20.225 0.177
4458.67620 20.608 0.269
4461.62633 20.087 0.121
4465.64711 20.357 0.141
4468.67787 20.268 0.103
4473.61419 20.725 0.238
4477.70167 20.177 0.148
4479.72326 20.048 0.130
4483.68316 20.338 0.187
4486.68164 20.642 0.278
4490.67989 21.043 0.434
4493.75064 20.348 0.237
4498.61580 20.075 0.116
4501.60885 20.332 0.162
4503.60533 20.350 0.195
4508.55263 20.174 0.161
4510.63384 20.270 0.169
4516.51453 20.347 0.414
4520.60456 19.869 0.145
4523.58806 20.364 0.165
4530.53146 20.679 0.289
4532.50349 20.142 0.255
4535.56179 20.133 0.183
4538.60317 19.919 0.177
4540.57241 20.368 0.253
4544.53829 20.044 0.186
4546.59030 20.639 0.391
4559.51891 20.263 0.220
4566.54123 20.708 0.262
4574.49962 20.276 0.222
4591.46305 20.263 0.273
4677.93614 20.071 0.114
4681.89123 20.659 0.240
4691.85680 20.590 0.332
4704.88760 20.696 0.305
4717.84904 20.169 0.126
4722.87314 20.303 0.145
4726.81402 20.114 0.169
4730.83591 20.444 0.137
4747.80717 20.901 0.258
4750.88050 20.391 0.159
4756.77793 20.065 0.141
4759.82511 20.273 0.122
4762.78481 20.889 0.269
4768.76287 20.258 0.158
4771.80480 20.280 0.137
4774.78553 20.541 0.173
4776.83923 20.595 0.328
4780.77223 20.404 0.199
4783.77017 20.466 0.163
4788.69666 21.130 0.447
4790.86031 20.464 0.191
4794.64294 20.322 0.168
4797.66024 20.278 0.173
4800.70635 20.385 0.151
4802.73806 20.360 0.150
4805.70738 20.295 0.141
4807.66994 20.660 0.273
4809.66272 20.338 0.144
4812.65032 21.598 0.855
4814.63835 20.616 0.280
4816.64004 20.559 0.226
4818.66219 20.315 0.180
4820.66910 20.363 0.116
4823.67267 20.296 0.204
4825.76149 20.136 0.147
4831.80688 20.347 0.197
4834.73658 20.545 0.211
4836.73901 20.266 0.122
4838.68958 20.457 0.173
4841.70610 19.985 0.147
4843.70545 20.151 0.176
4846.67136 20.140 0.126
4848.69720 20.343 0.162
4850.68926 20.313 0.151
4852.68352 20.607 0.217
4854.68636 20.117 0.125
4856.68299 20.434 0.151
4859.65557 20.080 0.136
4865.70223 20.232 0.147
4867.63852 20.309 0.130
4870.62397 20.458 0.168
4873.64644 20.033 0.130
4875.60440 20.659 0.211
4877.62978 19.854 0.110
4879.55821 20.096 0.126
4884.58879 20.194 0.152
4887.62516 20.490 0.175
4908.57578 19.738 0.096
4916.52077 21.497 0.598
4920.55285 20.255 0.193
4926.50961 20.274 0.240
4931.54643 20.123 0.199
4935.51305 20.386 0.194
4939.52002 20.140 0.159
4943.51967 20.510 0.292
4955.48293 20.554 0.251
