2171.84935 18.622 0.040
2183.80871 18.737 0.062
2184.80825 18.743 0.054
2188.85880 18.802 0.069
2191.76896 18.691 0.034
2200.79035 18.734 0.036
2206.72549 18.750 0.058
2216.84958 18.820 0.045
2223.71424 18.676 0.044
2226.69035 18.828 0.051
2228.73411 18.609 0.036
2230.64568 18.740 0.043
2232.66744 18.763 0.044
2234.66020 18.689 0.047
2238.60467 18.811 0.053
2242.74210 18.755 0.053
2244.79287 18.734 0.049
2249.66112 18.713 0.038
2251.85851 18.688 0.067
2253.64900 18.734 0.038
2256.65359 18.778 0.052
2262.65333 18.629 0.045
2264.63702 18.487 0.043
2269.66053 18.642 0.056
2272.61923 18.869 0.047
2276.62999 18.728 0.047
2279.62447 18.811 0.042
2281.67187 18.813 0.036
2283.70752 18.719 0.036
2288.69303 18.825 0.038
2290.73092 18.678 0.039
2292.70103 18.879 0.054
2294.67168 18.710 0.047
2296.69063 18.851 0.067
2298.71217 18.887 0.049
2300.66384 18.707 0.043
2302.63744 18.798 0.043
2304.64212 18.850 0.076
2315.56542 18.769 0.054
2322.54306 18.676 0.047
2325.55673 18.760 0.056
2330.56547 18.793 0.056
2337.51729 18.867 0.069
2343.51330 18.744 0.060
2353.50750 18.858 0.074
2403.49075 18.797 0.085
2518.91670 18.787 0.052
2526.84636 18.794 0.038
2540.85460 18.674 0.061
2544.77472 18.745 0.047
2550.89257 18.805 0.074
2554.85789 18.776 0.042
2571.81520 18.754 0.054
2577.75387 18.725 0.047
2588.81960 18.752 0.040
2593.80873 18.639 0.044
2599.72864 18.768 0.053
2607.68686 18.688 0.044
2617.67620 18.712 0.052
2624.79013 18.806 0.043
2626.60352 18.814 0.063
2629.60015 18.844 0.053
2631.78414 18.796 0.066
2634.55438 18.629 0.035
2649.64346 18.828 0.044
2651.69228 18.728 0.043
2654.64508 18.789 0.058
2656.71931 18.766 0.091
2658.70912 18.735 0.069
2661.72444 18.674 0.044
2681.64177 18.605 0.045
2685.58141 18.581 0.056
2690.53563 18.828 0.062
2694.53337 18.568 0.042
2704.57770 18.703 0.051
2711.53290 18.769 0.058
2731.48695 18.801 0.066
2879.87983 18.839 0.045
2884.82574 18.662 0.036
2888.85845 18.668 0.039
2893.84985 18.804 0.062
2897.81146 18.672 0.053
2903.85742 18.795 0.038
2906.80613 18.765 0.039
2915.78325 18.798 0.040
2921.78508 18.750 0.048
2929.87254 18.797 0.039
2932.84067 18.834 0.045
2943.69184 18.659 0.045
2946.71860 18.796 0.057
2949.70161 18.746 0.045
2952.69319 18.749 0.051
2957.68738 18.739 0.044
2960.70831 18.708 0.040
2963.69506 18.627 0.044
2966.66053 18.759 0.052
2971.83090 18.865 0.045
2975.62919 18.734 0.045
2979.75740 18.755 0.042
2983.66506 18.804 0.052
2985.84612 18.636 0.042
2988.60944 18.821 0.044
2990.80115 18.756 0.043
2992.62565 18.705 0.049
2994.72756 18.707 0.039
2997.61048 18.761 0.040
2999.63009 18.622 0.040
3001.60801 18.813 0.043
3003.63698 18.825 0.045
3005.66638 18.803 0.075
3007.61900 18.653 0.035
3009.61677 18.823 0.067
3011.64900 18.705 0.047
3013.62450 18.815 0.044
3016.62497 18.792 0.051
3018.61010 18.783 0.045
3020.65121 18.762 0.031
3022.68322 18.776 0.035
3024.66526 18.633 0.043
3026.63433 18.778 0.034
3028.63976 18.773 0.034
3030.67503 18.783 0.038
3032.77879 18.715 0.033
3035.60341 18.750 0.039
3037.60592 18.789 0.039
3040.58146 18.715 0.060
3042.56952 18.679 0.057
3045.57837 18.701 0.035
3047.53020 18.774 0.053
3049.53573 18.745 0.043
3051.52928 18.651 0.042
3053.52181 18.826 0.052
3055.52396 18.827 0.047
3057.51995 18.788 0.043
3059.52252 18.696 0.048
3060.51613 18.769 0.051
3061.51723 18.728 0.047
3064.52012 18.749 0.051
3067.52727 18.722 0.044
3069.51155 18.777 0.048
3071.67320 18.690 0.084
3075.51122 18.655 0.051
3077.59639 18.720 0.052
3081.58760 18.717 0.045
3083.59473 18.599 0.051
3086.53058 18.844 0.066
3089.51794 18.822 0.047
3092.50056 18.723 0.076
3098.49761 18.857 0.071
3101.51910 18.659 0.057
3104.49059 18.674 0.048
3108.48759 18.726 0.051
3112.48291 18.704 0.065
3115.50963 18.688 0.056
3123.48845 18.625 0.052
3132.48456 18.818 0.073
3230.86092 18.707 0.034
3246.87678 18.863 0.052
3251.90762 18.761 0.036
3254.86452 18.736 0.051
3261.89740 18.874 0.047
3272.87710 18.716 0.045
3275.87594 18.745 0.074
3289.72878 18.716 0.035
3294.73544 18.882 0.043
3296.68385 18.772 0.039
3298.76421 18.725 0.035
3303.72815 18.772 0.051
3306.72963 18.712 0.043
3308.74620 18.725 0.048
3314.69990 18.792 0.053
3328.82973 18.746 0.033
3340.81916 18.607 0.039
3349.64194 18.882 0.049
3353.63474 18.722 0.035
3356.62843 18.747 0.035
3360.64165 18.708 0.038
3369.66027 18.791 0.043
3377.62126 18.717 0.044
3381.61981 18.790 0.040
3386.63165 18.791 0.031
3390.63465 18.713 0.039
3395.74465 18.732 0.065
3398.61217 18.763 0.049
3400.59761 18.702 0.061
3403.60638 18.730 0.045
3406.53585 18.730 0.043
3410.55944 18.694 0.031
3415.53538 18.680 0.045
3421.60483 18.640 0.034
3429.55688 18.820 0.044
3434.54495 18.815 0.038
3442.51671 18.634 0.045
3450.51849 18.701 0.047
3569.92822 18.744 0.049
3592.88055 18.793 0.036
3608.88738 18.815 0.043
3614.87025 18.818 0.036
3628.88216 18.889 0.051
3633.75325 18.525 0.066
3639.75892 18.763 0.035
3641.75283 18.661 0.038
3652.86557 18.672 0.033
3656.80414 18.697 0.035
3661.73952 18.599 0.051
3665.74290 18.686 0.056
3671.70878 18.747 0.039
3674.83093 18.740 0.034
3683.74677 18.622 0.029
3686.79285 18.803 0.038
3689.70973 18.695 0.036
3698.64905 18.802 0.067
3707.65359 18.815 0.047
3713.62515 18.752 0.036
3716.69969 18.769 0.052
3724.70085 18.759 0.040
3731.61320 18.676 0.034
3736.62381 18.738 0.033
3742.64904 18.749 0.052
3745.73775 18.814 0.044
3758.59444 18.788 0.048
3762.60712 18.684 0.035
3766.58861 18.746 0.039
3769.58962 18.854 0.040
3775.58547 18.774 0.054
3778.58614 18.784 0.049
3781.59718 18.695 0.049
3790.53856 18.666 0.042
3804.51472 18.700 0.051
3934.94601 18.755 0.071
3967.89371 18.796 0.035
4001.75159 18.696 0.054
4008.70933 18.674 0.028
4036.88023 18.709 0.083
4125.69508 18.813 0.054
4345.82926 18.701 0.051
4361.79015 18.730 0.062
4364.77425 18.747 0.052
4371.73710 18.769 0.054
4376.75639 18.754 0.056
4379.76213 18.850 0.061
4383.76698 18.727 0.053
4478.66042 18.803 0.052
4485.66695 18.732 0.048
4487.66388 18.827 0.074
4497.65696 18.750 0.044
4507.57426 18.807 0.043
4509.56736 18.862 0.073
4515.53344 18.754 0.074
4523.54585 18.847 0.051
4525.51804 18.724 0.054
4531.51513 18.701 0.044
4537.50898 18.838 0.063
4540.50755 18.922 0.082
4690.86583 18.672 0.030
4702.87954 18.811 0.052
4715.84963 18.784 0.047
4721.81275 18.843 0.071
4726.74856 18.895 0.057
4743.80117 18.737 0.033
4750.80732 18.842 0.045
4755.82610 18.779 0.051
4758.86494 18.669 0.034
4762.72049 18.667 0.040
4767.86013 18.744 0.035
4773.83224 18.902 0.063
4782.86155 18.845 0.051
4789.83754 18.807 0.043
4795.66815 18.653 0.043
4802.67352 18.656 0.039
4821.68089 18.789 0.031
4825.69658 18.719 0.039
4831.74133 18.646 0.038
4834.66177 18.812 0.053
4836.67146 18.708 0.044
4838.66551 18.726 0.039
4841.65912 18.704 0.047
4843.66023 18.796 0.052
4845.67456 18.862 0.062
4863.60157 18.703 0.033
4867.62407 18.850 0.038
4869.56540 18.779 0.049
4871.60346 18.757 0.049
4873.59900 18.857 0.051
4875.53234 18.814 0.043
4877.59203 18.736 0.042
4879.59336 18.732 0.040
4882.58952 18.713 0.049
4883.67923 18.708 0.040
4887.54443 18.791 0.042
4899.62852 18.699 0.051
4950.49910 18.700 0.073
