2166.83369 20.136 0.161
2172.88246 20.381 0.197
2189.83966 20.383 0.238
2200.87438 20.333 0.161
2212.78834 20.240 0.173
2217.77326 19.867 0.147
2223.79353 20.322 0.204
2226.76837 20.244 0.188
2228.81190 20.657 0.232
2230.72503 20.410 0.226
2232.74552 20.171 0.137
2234.73930 20.424 0.200
2238.69011 20.445 0.210
2240.81903 20.492 0.240
2242.82483 20.650 0.351
2249.75804 20.168 0.150
2251.79054 20.087 0.126
2253.75098 20.071 0.109
2256.72632 20.168 0.163
2258.66765 20.248 0.146
2261.65326 20.381 0.226
2265.75531 20.324 0.182
2271.66841 20.336 0.196
2273.66412 20.085 0.173
2275.77438 20.397 0.223
2277.76915 20.550 0.215
2279.77422 20.374 0.163
2281.78811 20.262 0.147
2283.79124 20.372 0.145
2289.72040 21.091 0.337
2291.72787 20.801 0.422
2293.69995 20.179 0.216
2295.72669 20.554 0.177
2297.71758 20.401 0.199
2299.73997 20.226 0.153
2302.59115 20.518 0.223
2304.72324 20.194 0.224
2317.63678 19.954 0.104
2323.53858 20.187 0.162
2326.55621 20.336 0.200
2338.52392 20.460 0.228
2344.51673 20.627 0.231
2354.51852 20.949 0.574
2368.50255 20.257 0.394
2401.50463 20.326 0.238
2520.91337 20.551 0.297
2521.89272 20.466 0.203
2537.84606 20.680 0.428
2539.82055 20.178 0.197
2542.81290 20.307 0.176
2545.79458 21.145 0.573
2551.85961 20.236 0.162
2555.88365 20.497 0.235
2559.79255 20.556 0.278
2563.84275 20.672 0.340
2573.77113 20.468 0.308
2577.83198 19.985 0.136
2580.86144 20.079 0.130
2589.76884 20.513 0.203
2599.82937 20.313 0.172
2609.64182 20.235 0.278
2617.79788 20.507 0.259
2620.76593 20.256 0.150
2623.71028 20.478 0.247
2627.60646 20.242 0.283
2629.63090 20.876 0.382
2631.68015 20.680 0.379
2634.67505 20.305 0.145
2637.70107 20.446 0.183
2639.81586 20.034 0.107
2641.63847 20.271 0.148
2643.64953 20.458 0.173
2645.64225 20.437 0.200
2646.66967 20.440 0.209
2650.72645 20.201 0.195
2652.71697 20.158 0.188
2654.82072 20.400 0.212
2657.73922 20.390 0.266
2659.70426 20.450 0.229
2661.80395 20.261 0.185
2665.77391 20.052 0.138
2667.80750 20.404 0.268
2671.71969 20.558 0.309
2673.68310 20.495 0.286
2675.71004 20.222 0.144
2677.74470 20.608 0.283
2679.73541 20.059 0.173
2681.75239 20.114 0.164
2686.56108 21.968 1.479
2690.63933 20.004 0.177
2695.56994 20.282 0.190
2700.52097 20.381 0.317
2712.55536 20.295 0.245
2734.50509 20.590 0.401
2884.84841 20.683 0.247
2890.81620 20.274 0.267
2895.85186 20.240 0.185
2900.80753 20.068 0.132
2906.83846 20.241 0.135
2910.87194 20.103 0.116
2915.86813 20.500 0.162
2921.87042 20.350 0.201
2925.81591 20.066 0.134
2929.85783 20.206 0.156
2933.79745 20.040 0.112
2939.80597 19.980 0.141
2942.78136 20.313 0.147
2946.80179 20.349 0.226
2948.84689 20.150 0.132
2952.78615 20.165 0.185
2955.84318 19.920 0.189
2957.77073 20.550 0.250
2961.75408 20.145 0.171
2963.81230 20.318 0.202
2966.75168 20.297 0.125
2970.76576 20.085 0.115
2974.68042 20.228 0.142
2975.80556 20.226 0.157
2979.84203 20.296 0.159
2983.75003 20.157 0.167
2986.73249 20.465 0.238
2988.69944 20.273 0.164
2990.72406 20.169 0.135
2992.72089 20.352 0.175
2994.81164 20.192 0.139
2996.68712 19.992 0.109
2998.67390 20.461 0.192
3000.68725 20.117 0.147
3002.67445 20.289 0.155
3004.67418 20.452 0.162
3006.61990 20.080 0.108
3010.69446 20.600 0.314
3012.78993 20.170 0.261
3016.70863 20.465 0.188
3018.69846 19.820 0.111
3020.77385 20.302 0.181
3022.80027 20.934 0.402
3024.74889 20.307 0.156
3026.71796 20.461 0.163
3028.75367 20.108 0.091
3030.75870 20.449 0.154
3033.68515 20.453 0.133
3035.68685 19.884 0.116
3038.67049 20.163 0.215
3041.56764 19.924 0.173
3043.59746 20.408 0.256
3045.63649 20.738 0.273
3047.59067 20.438 0.206
3049.59634 20.011 0.116
3050.56695 20.056 0.113
3052.56129 20.290 0.154
3054.56291 20.216 0.135
3056.56206 20.461 0.166
3058.55514 20.212 0.155
3060.57624 20.406 0.180
3067.63792 20.303 0.184
3069.59647 19.978 0.133
3073.50644 20.146 0.230
3075.59919 19.976 0.141
3078.52130 19.961 0.144
3081.67399 20.112 0.142
3084.58622 20.465 0.168
3087.54716 20.173 0.183
3089.64986 20.301 0.234
3092.58941 20.091 0.216
3098.59156 20.352 0.263
3101.55189 20.332 0.290
3104.52329 20.096 0.172
3107.50512 20.091 0.197
3110.53168 20.086 0.251
3113.51530 20.508 0.299
3125.51280 20.588 0.354
3135.47869 20.209 0.283
3229.89282 20.439 0.171
3239.90670 20.212 0.141
3247.87757 20.205 0.147
3256.85425 20.150 0.151
3268.84641 20.157 0.115
3273.80523 20.048 0.160
3276.89073 19.975 0.157
3281.80092 20.368 0.135
3289.81461 19.788 0.109
3294.81254 20.535 0.185
3296.81794 20.585 0.178
3298.84852 20.134 0.110
3301.66880 20.604 0.278
3303.83790 20.910 0.419
3306.81264 20.128 0.155
3308.82949 20.064 0.180
3310.86177 20.067 0.135
3314.82931 20.113 0.174
3321.70808 20.134 0.116
3329.80118 20.250 0.107
3334.69732 20.283 0.228
3349.72553 20.392 0.204
3352.64001 20.097 0.122
3355.66189 20.290 0.172
3359.72086 20.311 0.147
3363.69882 20.312 0.178
3369.76574 20.391 0.195
3372.67084 20.203 0.112
3386.78763 20.094 0.095
3391.57839 20.444 0.228
3395.63315 20.013 0.175
3398.68997 19.836 0.116
3400.67631 20.492 0.320
3403.66508 20.072 0.145
3406.59908 20.091 0.118
3410.61673 20.332 0.136
3415.58844 20.405 0.182
3421.57684 19.770 0.111
3436.57012 20.252 0.157
3443.51288 20.594 0.294
3452.53273 20.283 0.158
3574.92339 20.164 0.161
3588.91375 20.449 0.207
3590.91564 20.602 0.178
3614.90484 20.370 0.184
3629.80022 20.198 0.175
3634.75834 20.438 0.203
3640.75468 20.114 0.118
3644.89701 20.381 0.222
3650.80669 19.995 0.111
3653.83460 20.259 0.147
3657.78527 20.144 0.135
3661.79697 20.331 0.213
3666.79411 20.260 0.197
3671.79250 20.787 0.227
3675.80692 19.904 0.106
3683.83005 20.182 0.114
3687.69186 19.989 0.117
3689.79548 20.119 0.151
3692.71605 20.092 0.141
3694.84833 20.407 0.156
3696.66879 20.194 0.129
3699.68109 20.305 0.124
3701.73222 20.248 0.142
3704.75356 19.951 0.096
3706.75263 20.148 0.104
3711.64382 20.532 0.188
3713.65742 20.164 0.135
3716.69087 20.229 0.215
3719.66816 20.437 0.226
3725.75150 20.797 0.356
3727.69943 20.411 0.183
3730.62771 20.264 0.103
3733.61645 20.012 0.105
3734.71927 20.427 0.141
3736.73823 20.004 0.115
3738.66014 20.215 0.135
3740.69515 20.528 0.176
3743.66064 20.323 0.153
3746.73459 20.438 0.237
3748.68787 20.169 0.175
3750.57945 20.812 0.375
3752.70071 20.015 0.130
3754.68912 20.643 0.247
3758.71000 20.267 0.214
3762.66810 20.177 0.113
3765.65868 20.627 0.132
3769.73064 20.077 0.097
3772.69880 20.251 0.141
3775.67078 19.946 0.163
3778.66927 20.277 0.160
3781.73026 20.187 0.197
3786.55334 20.885 0.272
3791.54898 20.079 0.121
3798.54931 20.075 0.129
3805.53450 20.046 0.151
3819.51344 20.183 0.140
3938.93121 21.155 0.494
3961.90821 19.858 0.172
3968.89069 20.505 0.209
3974.87627 20.215 0.173
3981.78374 20.283 0.167
3987.90776 20.222 0.176
3995.81534 20.845 0.229
4002.81472 20.510 0.129
4004.83595 20.317 0.141
4007.76857 20.336 0.128
4011.74930 20.519 0.204
4018.78866 20.319 0.177
4023.78304 20.600 0.166
4026.69900 20.580 0.183
4028.83501 20.068 0.102
4031.72274 20.245 0.142
4037.83165 20.137 0.123
4040.79841 20.317 0.162
4042.81391 20.139 0.144
4046.68867 20.139 0.166
4048.77805 20.527 0.203
4051.76769 19.970 0.154
4053.81898 20.532 0.185
4056.63883 20.754 0.357
4059.64985 20.038 0.141
4064.67252 20.534 0.151
4067.67294 20.145 0.122
4069.66109 19.858 0.101
4072.69823 20.216 0.151
4076.76869 20.241 0.186
4079.64359 20.373 0.171
4082.66423 20.500 0.240
4084.74467 20.363 0.174
4087.66446 20.218 0.119
4093.81281 19.916 0.118
4102.61907 20.762 0.329
4104.78780 20.267 0.238
4109.64907 20.137 0.126
4113.66793 19.804 0.084
4118.57483 20.080 0.188
4120.66099 20.131 0.098
4124.69169 20.333 0.149
4127.64561 20.049 0.097
4132.62364 20.076 0.170
4142.55864 20.170 0.213
4150.53570 20.393 0.159
4154.51412 20.281 0.330
4165.54075 20.121 0.216
4180.53064 20.441 0.323
4341.84522 20.308 0.276
4345.90434 20.332 0.326
4350.87874 20.194 0.176
4355.88633 20.498 0.261
4361.84710 20.207 0.249
4364.85391 20.236 0.217
4367.76639 20.473 0.246
4370.80327 20.126 0.186
4376.83833 20.388 0.244
4379.84464 20.315 0.185
4383.84892 20.125 0.180
4388.78881 20.326 0.210
4392.84306 20.456 0.165
4398.79186 20.366 0.200
4403.73164 20.189 0.226
4410.85876 20.294 0.185
4417.74673 20.306 0.145
4421.72268 20.533 0.177
4421.77861 20.474 0.155
4425.74273 20.248 0.183
4429.70688 20.046 0.216
4431.84670 21.275 0.780
4436.71113 20.404 0.202
4439.71919 19.936 0.146
4442.69649 20.180 0.178
4448.74994 20.520 0.223
4450.75681 19.769 0.135
4453.73249 20.196 0.139
4456.74581 20.234 0.220
4458.69343 20.794 0.321
4461.64354 20.205 0.137
4465.66436 20.357 0.154
4468.69513 20.235 0.122
4473.63143 20.138 0.153
4477.71898 20.137 0.152
4479.74058 20.221 0.154
4483.70048 20.644 0.306
4486.69895 20.671 0.345
4490.69716 20.021 0.181
4493.76800 20.347 0.245
4498.63221 20.218 0.161
4501.62533 20.082 0.140
4503.62632 19.931 0.142
4508.56910 20.268 0.195
4510.65128 20.668 0.268
4516.53196 20.603 0.372
4520.62198 20.143 0.204
4523.60553 20.409 0.248
4530.54896 20.137 0.199
4532.54266 20.470 0.287
4535.60011 20.205 0.208
4538.62067 20.150 0.205
4540.59000 20.435 0.285
4544.55586 20.618 0.336
4546.60786 20.645 0.409
4559.53652 19.827 0.190
4566.55889 20.266 0.191
4574.51731 20.421 0.277
4591.48083 20.149 0.226
4681.90895 20.377 0.172
4691.87447 20.074 0.195
4704.90522 20.474 0.268
4717.87102 20.026 0.105
4722.89063 20.415 0.172
4726.83153 20.392 0.197
4730.85339 20.497 0.176
4747.82456 20.537 0.184
4752.80343 20.412 0.244
4756.79530 20.243 0.178
4759.84242 20.682 0.195
4762.80213 20.171 0.144
4768.78017 20.905 0.305
4771.82206 20.220 0.156
4774.80279 20.722 0.250
4776.85649 20.275 0.250
4780.78951 20.225 0.216
4783.78740 20.080 0.135
4788.71396 20.531 0.262
4791.69037 20.404 0.149
4794.66019 20.156 0.124
4797.67746 20.099 0.154
4800.72355 20.409 0.172
4802.75524 20.169 0.136
4805.72461 20.020 0.115
4807.68721 20.288 0.206
4809.67997 20.373 0.178
4812.66758 20.442 0.280
4814.65559 20.355 0.231
4816.65725 20.155 0.153
4818.67938 20.523 0.216
4820.68632 20.037 0.102
4823.69945 19.877 0.137
4825.77873 20.467 0.232
4831.82065 21.051 0.400
4834.75387 20.463 0.248
4836.75625 20.382 0.170
4838.70682 20.136 0.142
4841.72341 20.628 0.284
4843.72270 20.643 0.302
4846.68862 20.310 0.171
4848.71451 21.009 0.330
4850.70660 20.573 0.231
4852.70077 20.089 0.162
4854.70411 20.506 0.234
4856.70035 20.559 0.265
4865.71960 20.480 0.203
4867.65586 20.449 0.179
4870.64134 20.012 0.142
4873.66383 20.465 0.221
4875.62181 20.379 0.198
4877.64715 20.418 0.172
4879.57563 19.933 0.116
4882.66875 20.081 0.135
4884.60627 20.265 0.163
4887.64263 20.431 0.188
4901.64582 20.492 0.330
4908.59334 20.251 0.176
4916.53834 20.067 0.167
4920.56952 20.322 0.179
4926.52633 21.312 0.653
4931.56315 20.353 0.272
4935.52981 20.481 0.225
4939.53675 20.063 0.172
4943.53650 19.969 0.156
4948.51325 20.172 0.206
4955.49648 20.386 0.197
