2183.86013 19.648 0.154
2184.86209 19.790 0.159
2191.83319 19.899 0.097
2200.84015 19.803 0.111
2211.81589 19.914 0.156
2223.76274 19.703 0.101
2226.73790 20.122 0.169
2228.78152 19.776 0.112
2230.69451 19.859 0.139
2232.71505 19.846 0.107
2234.70823 20.279 0.160
2238.65955 20.063 0.156
2240.78791 20.199 0.169
2251.80771 19.692 0.092
2253.70422 19.911 0.095
2258.81933 19.791 0.120
2265.66153 19.908 0.103
2271.63797 19.852 0.133
2273.79100 19.935 0.138
2275.72891 20.135 0.169
2277.73242 20.038 0.105
2279.74338 19.873 0.107
2281.73059 19.820 0.088
2283.75887 19.967 0.090
2289.68261 19.784 0.103
2291.69143 19.792 0.103
2293.66735 19.992 0.152
2295.68689 20.295 0.153
2297.68502 19.882 0.131
2299.67779 19.775 0.098
2301.64719 19.483 0.130
2303.64403 19.837 0.147
2317.56775 19.959 0.122
2322.61335 19.731 0.125
2326.52273 20.020 0.194
2331.55324 19.922 0.155
2337.57203 20.085 0.171
2349.53178 20.146 0.233
2366.50717 19.801 0.201
2397.50236 19.824 0.170
2535.91117 20.181 0.288
2542.78232 20.194 0.172
2544.82628 19.744 0.109
2551.82634 19.773 0.110
2555.85039 19.819 0.116
2559.73809 19.859 0.125
2563.80943 19.593 0.107
2571.86443 20.186 0.226
2577.80157 19.658 0.108
2580.83073 19.740 0.089
2589.73058 19.829 0.131
2594.74983 20.095 0.260
2607.74841 19.898 0.126
2613.67299 19.872 0.189
2617.76360 19.821 0.152
2620.70297 19.813 0.113
2623.67757 19.840 0.133
2626.65673 19.858 0.120
2631.62370 19.755 0.122
2634.64428 19.982 0.113
2640.71138 19.865 0.142
2642.68103 20.094 0.196
2644.67935 20.052 0.163
2650.66100 19.875 0.117
2652.64410 20.086 0.150
2657.70125 19.829 0.153
2659.72158 20.153 0.204
2661.77338 19.933 0.145
2663.70438 19.895 0.183
2665.74343 19.905 0.123
2667.75830 19.612 0.109
2677.68241 19.808 0.155
2685.63982 19.759 0.185
2690.59371 19.813 0.139
2695.53147 19.867 0.154
2705.55757 19.983 0.155
2712.52221 19.617 0.171
2733.49182 20.143 0.257
2870.90337 19.927 0.154
2888.88401 20.034 0.126
2894.81907 19.715 0.115
2899.81995 19.901 0.119
2910.83915 20.048 0.110
2915.83503 19.714 0.074
2921.83743 19.888 0.133
2933.76466 19.839 0.082
2942.74862 19.737 0.107
2946.76907 19.933 0.153
2952.74593 20.130 0.223
2955.81028 19.819 0.181
2957.73794 19.664 0.105
2961.72064 20.168 0.187
2963.77969 20.064 0.181
2966.71908 20.099 0.129
2969.66789 19.855 0.107
2975.76934 19.971 0.132
2977.75722 19.781 0.122
2977.78325 19.961 0.130
2979.80922 20.066 0.145
2981.81624 19.751 0.208
2983.71688 19.882 0.140
2986.69953 19.967 0.139
2988.66670 19.966 0.132
2990.74286 20.038 0.125
2992.68319 19.777 0.111
2994.77819 19.996 0.127
2996.65419 19.874 0.096
3000.65386 19.933 0.105
3002.63960 19.792 0.094
3004.64139 19.769 0.088
3006.69092 20.191 0.150
3010.66175 19.700 0.111
3012.75717 20.051 0.246
3016.67595 19.912 0.119
3018.66100 20.140 0.178
3020.70729 19.634 0.127
3022.76773 20.015 0.105
3024.71596 19.665 0.081
3026.68507 19.907 0.094
3028.72091 19.928 0.078
3030.72592 20.080 0.122
3033.64801 19.921 0.089
3035.65412 20.066 0.144
3038.63773 19.775 0.172
3040.66304 19.514 0.142
3042.59806 19.707 0.129
3044.54015 20.002 0.140
3046.55595 20.145 0.137
3048.53312 19.890 0.095
3050.53429 19.775 0.095
3052.52859 20.327 0.218
3054.53002 20.006 0.135
3057.57567 19.687 0.112
3058.52221 19.817 0.140
3060.54193 19.941 0.135
3062.53565 20.270 0.209
3067.57853 20.000 0.186
3069.56363 19.715 0.108
3072.61052 19.980 0.227
3075.56551 19.884 0.153
3077.64896 19.725 0.126
3081.64025 20.069 0.147
3084.54844 19.796 0.103
3087.51212 19.802 0.130
3089.57035 19.911 0.200
3092.55569 19.951 0.166
3098.55780 20.029 0.157
3102.49623 19.873 0.161
3105.53504 20.178 0.236
3111.49139 20.451 0.315
3114.48269 20.123 0.175
3125.47996 19.863 0.209
3134.48035 19.748 0.159
3229.91140 20.092 0.112
3246.92723 19.795 0.253
3247.84490 20.091 0.153
3254.91729 20.076 0.162
3268.81348 19.977 0.100
3273.77253 19.574 0.140
3276.81816 19.889 0.130
3281.76827 19.962 0.088
3283.86805 19.764 0.083
3289.78183 20.063 0.110
3294.77936 19.705 0.089
3296.78505 19.629 0.075
3298.81567 19.883 0.119
3300.87155 19.711 0.103
3303.78652 19.720 0.133
3306.78016 20.112 0.141
3310.82923 20.124 0.154
3314.75643 20.220 0.199
3325.73307 19.929 0.135
3329.76766 19.741 0.067
3334.66297 19.817 0.150
3338.71564 19.868 0.100
3349.69277 20.106 0.109
3355.68081 19.824 0.124
3359.68593 19.598 0.083
3377.67227 19.885 0.094
3381.77781 19.985 0.126
3389.66732 19.541 0.104
3394.71291 19.864 0.130
3396.59234 19.941 0.144
3399.62977 19.576 0.086
3402.62810 19.951 0.111
3404.55627 19.662 0.104
3414.53079 20.442 0.243
3418.62349 19.828 0.145
3428.60552 19.569 0.119
3434.60310 20.045 0.117
3444.53555 19.553 0.109
3452.49699 19.928 0.174
3570.94738 19.867 0.284
3585.91360 19.687 0.078
3590.93461 19.674 0.089
3592.90651 19.899 0.075
3617.85473 20.096 0.153
3629.76516 19.755 0.129
3633.81238 19.757 0.146
3638.76597 20.471 0.251
3641.80432 19.820 0.111
3646.88349 20.401 0.256
3653.80218 19.868 0.097
3656.85802 20.086 0.122
3660.74393 19.756 0.135
3665.79341 20.092 0.172
3671.75935 19.624 0.108
3675.77438 19.756 0.082
3683.79742 19.778 0.080
3686.84510 20.029 0.110
3689.76296 19.872 0.105
3692.68339 19.936 0.125
3694.86674 20.015 0.240
3700.74423 19.827 0.083
3702.83187 19.954 0.086
3705.73871 20.243 0.115
3707.71479 19.805 0.132
3712.81830 20.013 0.115
3715.63599 19.990 0.144
3718.66859 19.831 0.120
3722.62201 20.030 0.131
3725.71891 19.752 0.125
3728.62240 19.824 0.107
3731.69362 19.718 0.075
3734.68654 19.993 0.094
3736.67456 19.803 0.089
3738.62765 19.937 0.112
3740.59799 19.825 0.088
3743.59534 19.840 0.104
3746.59657 19.976 0.139
3748.62491 20.532 0.370
3750.59792 19.549 0.112
3752.61322 19.948 0.109
3754.65136 19.823 0.119
3756.75136 19.923 0.145
3758.67664 19.754 0.156
3761.72289 19.964 0.087
3765.58843 19.911 0.081
3769.69823 20.004 0.089
3772.66631 19.928 0.131
3775.63761 19.658 0.110
3778.63663 19.646 0.089
3781.68240 19.732 0.132
3785.62025 20.241 0.185
3790.58896 20.137 0.126
3797.56922 19.653 0.095
3804.56529 19.972 0.162
3818.51446 19.722 0.123
3937.91698 19.902 0.167
3961.87585 20.884 0.500
3968.85861 19.753 0.105
3974.83220 19.850 0.142
3981.75177 19.715 0.100
3987.87571 20.220 0.170
3995.78251 19.815 0.105
3999.81546 19.785 0.097
4004.80388 19.744 0.082
4007.73647 20.091 0.111
4009.89459 20.171 0.177
4016.84752 19.990 0.146
4023.75082 19.900 0.087
4026.66389 19.983 0.102
4028.79980 20.094 0.101
4030.87709 19.848 0.126
4040.76642 19.896 0.117
4042.78182 19.898 0.125
4046.65659 20.169 0.207
4048.74512 19.958 0.118
4051.73568 20.130 0.177
4053.78705 19.949 0.101
4055.73679 20.056 0.154
4057.71574 19.538 0.097
4060.65503 19.968 0.098
4065.70254 19.900 0.081
4084.71221 20.073 0.153
4087.73912 20.034 0.126
4092.79494 19.615 0.071
4100.85135 20.216 0.156
4104.75517 19.494 0.141
4107.72786 19.801 0.107
4117.65595 20.105 0.163
4122.64771 19.978 0.102
4124.62284 20.140 0.110
4126.69249 19.809 0.138
4131.54544 20.162 0.236
4149.63729 20.311 0.252
4153.57801 19.945 0.148
4177.54397 20.004 0.182
4345.87215 19.941 0.140
4350.83403 20.106 0.126
4355.85421 19.735 0.123
4361.81498 19.749 0.157
4364.79942 19.792 0.120
4366.82186 20.149 0.198
4370.76720 19.730 0.140
4373.76713 19.918 0.116
4376.80625 19.947 0.145
4383.81694 19.900 0.139
4392.78175 19.843 0.093
4397.79222 19.809 0.124
4402.86769 19.684 0.122
4410.82653 19.874 0.120
4416.85003 19.763 0.100
4425.70661 19.988 0.186
4431.76492 19.787 0.131
4435.79920 20.079 0.218
4442.75473 19.827 0.131
4448.71344 19.960 0.156
4450.72380 19.911 0.164
4453.70032 19.803 0.089
4459.64920 19.829 0.118
4467.65772 19.672 0.097
4471.64648 19.752 0.078
4474.70068 19.872 0.118
4481.74351 19.755 0.093
4487.71987 19.965 0.190
4490.71536 19.775 0.201
4502.62208 20.068 0.192
4507.62162 19.969 0.131
4509.61553 19.765 0.141
4523.52108 19.950 0.140
4530.51655 19.955 0.179
4540.55774 19.771 0.181
4544.50357 19.864 0.212
4547.59915 19.622 0.152
4564.49530 19.515 0.131
4583.47297 19.841 0.211
4598.47733 19.878 0.182
4672.93868 20.396 0.288
4675.94124 19.991 0.194
4677.92171 19.715 0.088
4691.84226 19.709 0.166
4703.90781 19.869 0.127
4704.87294 19.827 0.154
4716.86293 20.482 0.175
4722.80075 20.070 0.119
4726.79939 19.840 0.124
4747.79212 19.765 0.118
4750.86569 20.056 0.153
4755.87599 20.042 0.146
4759.81031 20.066 0.109
4762.77010 19.885 0.101
4771.78997 19.837 0.108
4776.82383 19.795 0.169
4779.86064 19.659 0.098
4783.72677 19.838 0.127
4788.66147 19.770 0.129
4790.83668 19.810 0.092
4793.73993 19.922 0.125
4795.75420 19.727 0.095
4799.71558 19.822 0.120
4802.72333 19.762 0.094
4805.69223 19.822 0.097
4813.69080 19.780 0.154
4815.69552 19.951 0.140
4819.69402 19.836 0.079
4821.75823 19.868 0.085
4831.79133 20.136 0.179
4834.72163 19.634 0.112
4836.72411 19.594 0.079
4840.65214 20.301 0.227
4842.65005 20.005 0.127
4844.64941 19.959 0.111
4847.71613 19.678 0.119
4849.70877 19.694 0.153
4851.78186 19.728 0.115
4853.71386 19.716 0.125
4855.70133 19.894 0.139
4863.63336 19.695 0.089
4869.59818 20.326 0.211
4871.62844 19.916 0.138
4873.62372 20.193 0.225
4875.63968 19.600 0.096
4878.58466 19.744 0.089
4882.63919 19.813 0.135
4884.57359 19.866 0.159
4887.61047 19.742 0.083
4899.65354 19.622 0.132
4905.55596 19.840 0.154
4933.53151 20.036 0.176
4936.50579 19.995 0.146
4940.52064 19.974 0.148
4945.51431 20.043 0.164
4951.49402 19.863 0.198
