2165.90054 19.839 0.151
2166.81917 20.065 0.136
2171.89332 19.999 0.137
2172.86794 20.168 0.141
2183.85277 20.102 0.176
2183.87927 20.274 0.215
2184.85474 20.484 0.224
2189.79906 20.243 0.216
2189.82525 20.225 0.235
2191.82319 20.224 0.112
2191.85442 20.310 0.127
2200.83352 20.267 0.113
2200.86116 20.115 0.136
2212.77512 20.722 0.252
2217.73618 20.122 0.165
2217.76005 20.216 0.233
2223.75614 20.189 0.117
2223.78032 20.224 0.148
2226.73132 20.695 0.204
2226.75516 20.035 0.169
2228.77493 20.023 0.109
2228.79869 20.418 0.209
2230.68794 20.104 0.123
2230.71182 20.355 0.215
2232.70848 20.096 0.104
2232.73234 20.263 0.142
2234.70165 20.115 0.109
2234.72609 20.359 0.188
2238.65297 20.336 0.173
2238.67695 20.164 0.173
2240.78134 19.933 0.109
2240.80588 20.393 0.196
2242.78320 20.351 0.194
2242.81165 20.239 0.231
2244.83390 20.525 0.262
2244.85830 19.908 0.168
2249.70625 20.439 0.144
2249.74112 20.233 0.123
2251.77357 20.286 0.144
2251.80113 19.991 0.100
2253.69363 20.314 0.128
2253.73173 20.149 0.116
2255.84755 20.267 0.163
2256.69739 19.923 0.100
2258.65450 20.359 0.152
2258.81275 20.080 0.132
2261.60503 20.225 0.125
2261.64009 20.272 0.185
2265.65495 20.277 0.121
2265.68226 19.982 0.136
2271.62642 20.076 0.137
2271.65524 20.293 0.168
2273.65093 19.992 0.145
2273.78444 20.119 0.135
2275.72232 20.189 0.138
2275.76119 20.301 0.211
2277.72585 20.158 0.101
2277.75598 20.147 0.125
2279.73179 20.240 0.152
2279.76108 20.210 0.126
2281.72399 19.978 0.092
2281.77494 20.236 0.128
2283.75226 20.064 0.085
2283.77807 20.231 0.113
2289.67602 20.173 0.113
2289.70720 20.083 0.121
2291.68481 20.064 0.109
2293.68676 20.081 0.155
2295.68026 20.200 0.109
2295.71349 20.446 0.157
2297.67841 20.188 0.148
2297.70436 20.533 0.263
2299.67118 20.118 0.116
2299.70312 20.417 0.169
2301.64060 20.430 0.264
2302.57399 20.576 0.245
2303.63740 20.505 0.188
2304.71002 20.050 0.204
2317.56110 20.229 0.122
2317.62349 20.425 0.179
2322.60598 20.191 0.132
2323.52413 20.156 0.168
2326.51536 20.316 0.193
2326.54175 20.151 0.164
2331.54590 20.400 0.185
2331.57690 20.039 0.168
2337.56465 20.394 0.161
2338.50940 20.197 0.234
2344.50219 20.445 0.251
2349.52246 20.372 0.187
2354.50393 20.112 0.243
2366.49801 20.411 0.262
2368.48794 20.065 0.253
2397.49488 20.277 0.197
2401.48985 20.059 0.184
2519.92055 20.275 0.203
2520.89884 20.420 0.260
2521.87817 20.053 0.131
2535.90379 20.168 0.184
2537.83157 20.112 0.246
2539.80719 20.505 0.274
2542.77565 20.147 0.129
2542.79961 20.208 0.164
2544.81892 20.370 0.154
2545.78127 20.833 0.369
2551.81902 20.332 0.155
2551.84522 20.131 0.128
2555.84307 20.188 0.125
2555.86922 20.084 0.163
2559.73076 20.233 0.157
2559.77816 20.335 0.189
2563.80093 20.114 0.154
2563.82836 20.010 0.156
2571.85784 20.401 0.213
2573.75788 19.992 0.172
2577.79495 20.025 0.121
2577.81878 20.125 0.145
2580.82413 20.176 0.104
2580.84823 20.053 0.106
2588.86554 20.080 0.135
2589.75452 20.212 0.171
2594.74250 20.265 0.239
2594.76937 19.909 0.239
2599.77850 20.365 0.147
2599.81507 20.232 0.149
2607.74116 20.142 0.111
2613.66581 20.233 0.180
2613.71913 20.297 0.259
2617.75642 20.161 0.145
2620.69585 20.321 0.147
2620.75192 20.257 0.137
2623.67042 20.514 0.182
2626.64959 20.182 0.132
2627.59245 21.064 0.558
2628.81632 20.466 0.202
2629.61774 20.208 0.192
2631.61713 20.173 0.146
2634.63771 20.161 0.104
2634.66189 20.392 0.184
2637.66393 20.329 0.145
2637.68789 20.710 0.235
2640.70480 20.604 0.203
2641.62533 20.402 0.181
2642.67384 20.268 0.162
2644.67218 20.122 0.126
2645.62908 20.272 0.164
2646.65650 20.184 0.180
2650.65258 20.392 0.137
2650.71236 20.308 0.203
2652.63749 20.351 0.143
2652.69888 20.178 0.182
2654.80755 20.038 0.165
2655.62839 20.169 0.126
2657.69463 20.112 0.126
2657.72208 20.171 0.192
2659.69105 20.102 0.163
2659.71496 20.490 0.164
2661.76678 20.019 0.120
2663.69365 20.231 0.178
2665.73682 20.191 0.105
2667.75168 20.251 0.139
2667.78087 20.274 0.181
2671.65249 20.107 0.101
2673.64484 20.002 0.099
2675.66913 20.320 0.160
2677.67168 20.556 0.255
2677.73145 19.921 0.124
2679.69819 20.327 0.140
2681.68609 20.062 0.130
2681.73824 20.060 0.167
2685.63260 20.230 0.138
2686.54689 20.831 0.604
2690.58649 20.452 0.209
2690.62513 19.989 0.168
2695.52423 20.575 0.227
2695.55570 20.258 0.201
2699.57653 20.265 0.154
2700.50673 21.582 1.243
2705.55029 20.042 0.118
2705.57862 20.089 0.136
2712.51494 20.107 0.198
2712.54108 20.376 0.261
2733.48447 20.592 0.323
2734.49074 20.506 0.329
2869.87245 19.999 0.172
2870.89604 20.677 0.198
2883.89562 20.259 0.110
2888.87668 20.272 0.110
2890.80189 20.126 0.226
2894.81181 20.662 0.256
2895.83763 20.010 0.146
2899.81270 20.275 0.126
2900.79325 20.315 0.144
2905.80201 20.147 0.139
2906.82426 20.339 0.142
2910.83190 20.162 0.096
2910.85771 20.168 0.111
2915.82780 20.308 0.100
2921.83023 20.163 0.153
2921.85622 20.142 0.149
2925.77353 20.304 0.148
2925.80175 20.202 0.167
2925.83231 20.021 0.125
2929.81061 20.318 0.130
2929.83667 20.374 0.168
2933.75745 20.264 0.099
2933.78333 20.228 0.133
2939.76331 20.286 0.133
2939.79184 20.241 0.210
2942.74141 20.168 0.121
2942.76726 20.233 0.136
2946.76189 20.396 0.174
2946.78768 20.035 0.143
2948.83281 20.389 0.162
2949.74557 20.239 0.123
2952.73745 20.064 0.126
2952.77206 20.216 0.173
2955.80314 20.025 0.172
2955.82911 20.017 0.172
2957.73079 20.220 0.125
2957.75671 20.156 0.140
2961.70557 20.199 0.147
2963.79826 20.219 0.199
2966.70541 20.232 0.115
2966.73769 20.124 0.116
2969.66077 20.300 0.141
2970.66426 20.272 0.161
2973.82669 20.271 0.125
2974.66641 20.189 0.134
2975.76221 20.211 0.130
2975.79159 20.230 0.155
2977.75009 20.230 0.152
2977.77612 20.280 0.155
2979.80209 20.322 0.136
2979.82802 20.243 0.156
2981.80907 20.333 0.239
2981.83528 19.980 0.265
2983.70973 20.257 0.171
2983.73607 20.571 0.211
2986.69237 20.319 0.155
2986.71854 20.129 0.138
2988.65784 20.426 0.183
2988.68539 20.128 0.122
2990.70594 20.146 0.124
2990.73571 20.178 0.115
2992.67604 20.080 0.105
2992.70688 20.411 0.168
2994.77106 20.433 0.150
2994.79763 20.159 0.118
2996.64705 20.260 0.121
2996.67313 20.107 0.109
2998.62993 20.159 0.137
2998.65642 20.310 0.164
3000.64669 20.347 0.125
3000.67321 20.059 0.159
3002.63242 20.217 0.121
3002.66040 20.476 0.164
3004.63428 20.454 0.137
3004.66020 20.328 0.136
3006.60589 20.223 0.118
3006.68378 20.147 0.132
3008.66891 20.341 0.288
3010.65458 20.359 0.154
3010.68043 20.453 0.242
3012.75000 20.856 0.339
3012.77587 20.343 0.299
3016.66881 20.146 0.116
3016.69459 20.291 0.159
3018.65385 20.209 0.145
3018.68445 19.979 0.143
3020.69537 20.289 0.176
3020.75978 20.416 0.234
3022.76056 20.126 0.099
3022.78623 20.218 0.130
3024.70883 20.101 0.101
3024.73484 20.399 0.160
3026.67791 20.345 0.115
3026.70386 20.184 0.137
3028.71375 20.279 0.089
3028.73963 20.251 0.099
3030.71874 20.048 0.095
3030.74461 20.143 0.152
3033.64083 20.242 0.098
3033.66656 19.979 0.081
3035.64697 20.354 0.137
3035.67273 20.083 0.144
3038.65640 20.120 0.174
3040.65584 20.604 0.293
3041.55355 20.315 0.211
3042.59089 20.232 0.167
3043.58333 20.594 0.329
3044.53294 20.183 0.136
3045.62235 20.225 0.163
3046.54874 20.447 0.160
3047.57654 20.196 0.164
3048.52588 20.601 0.162
3049.58223 20.347 0.163
3050.52712 20.496 0.159
3050.55286 20.263 0.135
3052.52139 20.121 0.158
3052.54715 20.214 0.151
3054.52281 20.287 0.144
3054.54877 20.162 0.147
3056.52209 20.494 0.165
3056.54789 20.106 0.135
3057.56848 20.021 0.105
3058.51500 20.206 0.228
3058.54094 20.030 0.147
3060.53470 20.377 0.151
3060.56209 20.115 0.140
3062.52843 20.416 0.178
3067.57128 20.152 0.133
3067.59743 20.264 0.246
3069.58226 20.075 0.146
3072.60324 20.131 0.143
3072.63038 20.194 0.234
3075.55564 20.205 0.143
3075.58494 19.835 0.125
3077.64060 20.523 0.204
3077.66779 20.167 0.152
3081.63298 20.379 0.154
3081.65976 20.091 0.151
3084.53856 20.087 0.109
3084.57191 20.194 0.134
3087.50463 20.269 0.174
3087.53197 20.285 0.205
3089.63551 20.099 0.132
3092.54818 20.255 0.172
3098.55029 20.482 0.192
3098.57721 20.295 0.202
3101.53752 19.942 0.196
3102.48716 20.295 0.175
3104.50896 20.257 0.183
3105.52755 20.729 0.295
3107.48491 19.595 0.145
3108.50589 20.147 0.137
3110.51729 20.360 0.289
3111.48383 20.350 0.234
3113.50096 20.769 0.393
3114.47514 20.003 0.146
3125.47239 20.022 0.200
3125.49836 20.357 0.267
3134.47278 20.085 0.171
3135.46427 20.182 0.250
3229.87842 19.964 0.102
3229.90388 20.254 0.109
3238.93145 20.149 0.262
3239.89240 20.243 0.169
3246.91977 20.178 0.171
3247.83741 20.265 0.161
3247.86332 20.401 0.192
3254.90977 20.523 0.154
3256.83474 20.428 0.229
3262.88438 20.280 0.121
3262.91047 20.087 0.164
3268.80601 20.192 0.090
3268.83219 20.147 0.118
3273.76509 20.676 0.265
3273.79105 20.071 0.165
3276.81076 20.065 0.131
3276.87657 19.694 0.125
3281.76085 20.251 0.104
3283.86063 20.271 0.114
3289.77442 20.207 0.095
3289.80049 20.488 0.163
3294.77194 20.142 0.128
3294.79844 20.333 0.147
3296.77765 20.313 0.104
3298.80824 20.211 0.118
3298.83440 20.310 0.158
3300.86415 20.428 0.143
3301.65472 20.462 0.280
3303.77308 20.237 0.162
3303.80617 20.165 0.225
3306.77278 20.178 0.131
3306.79859 19.931 0.124
3308.78948 20.389 0.157
3308.81536 20.088 0.161
3310.82188 20.089 0.115
3314.74902 20.135 0.165
3314.81524 20.354 0.203
3321.66390 20.665 0.207
3325.72570 20.389 0.137
3325.75193 20.338 0.162
3329.76030 20.163 0.074
3329.78719 20.179 0.095
3334.65560 20.027 0.144
3334.68329 20.452 0.254
3338.70828 20.188 0.104
3338.73933 20.335 0.166
3349.68539 20.178 0.100
3349.71152 20.009 0.142
3352.62600 20.297 0.167
3352.65219 20.281 0.148
3355.64787 20.072 0.127
3355.67342 20.284 0.144
3359.67858 20.368 0.126
3359.70688 20.151 0.123
3363.67556 20.492 0.217
3363.68480 20.266 0.180
3369.67852 20.354 0.142
3369.74691 20.284 0.180
3372.65680 20.363 0.158
3377.66491 20.189 0.103
3377.69096 20.280 0.133
3381.77044 20.075 0.089
3381.79667 20.374 0.178
3386.77358 20.658 0.152
3389.65995 19.940 0.121
3391.56433 20.058 0.174
3394.70551 20.200 0.121
3395.61526 20.108 0.150
3396.58494 20.016 0.129
3398.67588 20.488 0.238
3399.62240 20.156 0.113
3400.66226 20.387 0.283
3402.62075 20.337 0.125
3403.65100 20.059 0.151
3404.54886 20.281 0.158
3406.58497 20.183 0.125
3409.52815 20.030 0.135
3410.60279 20.253 0.115
3414.52348 20.366 0.224
3415.55833 20.333 0.201
3418.61614 20.270 0.139
3421.56277 20.424 0.217
3428.59515 19.907 0.103
3434.59573 20.208 0.109
3436.55605 19.904 0.100
3442.53533 20.111 0.209
3444.52813 21.028 0.328
3451.50718 20.191 0.151
3452.51855 20.285 0.141
3570.93987 20.223 0.190
3574.90913 20.471 0.244
3585.89965 19.996 0.086
3585.93193 20.255 0.141
3588.89945 20.456 0.202
3590.90138 20.203 0.118
3590.92711 20.196 0.114
3592.89906 20.180 0.088
3614.89069 20.102 0.122
3617.84731 20.078 0.094
3629.75773 19.782 0.115
3629.78609 20.045 0.167
3633.79765 20.121 0.141
3634.74424 20.160 0.160
3638.75861 19.948 0.099
3640.73956 20.090 0.118
3641.79700 20.238 0.137
3644.88291 20.406 0.166
3646.86680 20.079 0.138
3650.79266 20.336 0.125
3653.79507 20.118 0.104
3653.82060 20.147 0.146
3656.85088 20.164 0.093
3656.87656 20.246 0.137
3660.73681 20.367 0.206
3661.78299 20.787 0.279
3665.78629 20.213 0.132
3666.78016 20.105 0.155
3671.75225 20.376 0.154
3671.77857 20.051 0.117
3675.76725 20.135 0.109
3675.79301 20.110 0.107
3683.79028 20.341 0.110
3683.81614 20.378 0.133
3686.83803 20.045 0.088
3686.86377 20.512 0.197
3689.75587 20.489 0.168
3689.78161 20.163 0.132
3692.67634 20.333 0.152
3692.70215 20.516 0.187
3694.83439 20.281 0.145
3694.85967 20.245 0.132
3696.65494 20.322 0.139
3698.69783 20.498 0.229
3699.66721 20.045 0.093
3700.73715 20.157 0.086
3701.71834 20.100 0.108
3702.82483 20.168 0.087
3704.73963 20.222 0.114
3705.73165 20.284 0.098
3706.73814 20.129 0.099
3707.70772 20.252 0.157
3711.62992 20.111 0.138
3712.81123 20.283 0.114
3713.64355 20.256 0.126
3715.62892 20.016 0.135
3716.67703 19.905 0.151
3718.66151 20.153 0.140
3719.65427 20.252 0.171
3721.85609 19.871 0.116
3722.61494 20.256 0.138
3725.71182 20.335 0.180
3725.73760 20.333 0.206
3727.68554 20.208 0.171
3728.61534 20.421 0.128
3730.61387 20.229 0.100
3731.68657 20.156 0.085
3733.60255 20.043 0.086
3734.67945 20.419 0.099
3734.70538 20.440 0.136
3736.66747 20.271 0.104
3736.72435 20.104 0.112
3738.62061 20.557 0.137
3738.64625 20.351 0.133
3740.59087 20.069 0.090
3740.68129 20.087 0.113
3743.58822 20.125 0.108
3743.64677 20.392 0.175
3746.58951 20.259 0.155
3746.71942 20.143 0.215
3748.61782 19.987 0.186
3748.67326 20.285 0.204
3750.56555 20.451 0.226
3750.59084 20.419 0.179
3752.60611 20.317 0.119
3752.68678 20.016 0.112
3754.64425 20.616 0.193
3754.67460 20.050 0.135
3756.74426 20.909 0.260
3756.76997 20.203 0.314
3758.66955 20.185 0.162
3758.69604 20.119 0.201
3760.77768 20.187 0.165
3761.71574 20.248 0.104
3762.65413 20.173 0.112
3765.58128 20.125 0.081
3765.64473 20.180 0.078
3769.69112 20.124 0.087
3769.71664 20.176 0.099
3772.65917 19.906 0.097
3772.68482 20.429 0.181
3775.63045 20.654 0.204
3775.65625 20.344 0.220
3778.62946 20.026 0.107
3778.65525 20.135 0.143
3781.67524 19.722 0.115
3781.71629 20.646 0.311
3785.61309 20.195 0.119
3786.53931 20.127 0.130
3790.58180 20.446 0.137
3791.53491 20.285 0.138
3797.56204 20.171 0.137
3798.53524 20.269 0.179
3804.55806 20.320 0.180
3805.52042 20.599 0.271
3817.52497 20.449 0.260
3819.49925 20.322 0.163
3936.94539 20.469 0.281
3937.93945 21.118 0.434
3961.86872 20.221 0.191
3961.89415 20.300 0.212
3968.85148 20.299 0.143
3968.87668 20.138 0.201
3974.82351 19.860 0.114
3974.86138 20.215 0.209
3981.74465 19.959 0.119
3981.76979 20.336 0.167
3987.86860 20.215 0.147
3987.89378 19.733 0.101
3995.77542 20.038 0.121
3995.80142 20.321 0.214
3999.80837 20.208 0.108
4002.80087 20.169 0.095
4004.79680 20.252 0.103
4004.82201 20.293 0.137
4007.72938 20.160 0.095
4007.75471 20.323 0.121
4009.88112 20.103 0.114
4011.73542 20.427 0.184
4016.84046 20.384 0.168
4018.77482 20.139 0.148
4023.74375 20.484 0.112
4023.76924 20.153 0.110
4026.68522 20.202 0.145
4028.82124 20.679 0.195
4030.87005 20.045 0.095
4031.70898 20.125 0.134
4037.76366 19.972 0.091
4037.80937 20.497 0.180
4040.75941 20.016 0.100
4040.78465 20.235 0.138
4042.77481 20.738 0.205
4042.80014 20.466 0.165
4046.64956 20.090 0.181
4046.67490 19.894 0.167
4048.73808 20.025 0.123
4051.72867 20.418 0.193
4051.75393 20.191 0.166
4053.78005 20.472 0.132
4053.80524 20.091 0.113
4055.72982 20.274 0.148
4056.62510 20.080 0.184
4057.70876 19.998 0.120
4059.63614 20.849 0.264
4060.64803 20.249 0.110
4064.65879 20.447 0.143
4065.69553 20.259 0.087
4067.63160 20.149 0.113
4067.65931 20.453 0.164
4069.62194 20.062 0.117
4069.64739 20.071 0.123
4072.65922 20.140 0.123
4072.68456 19.828 0.100
4076.75497 19.771 0.134
4077.69153 20.321 0.149
4079.62990 20.050 0.140
4080.67533 20.222 0.109
4082.65054 20.176 0.167
4084.70524 20.487 0.189
4084.73103 20.067 0.144
4087.65077 20.190 0.119
4087.73215 20.096 0.102
4092.78795 20.453 0.122
4093.79910 19.951 0.122
4100.84434 20.187 0.123
4102.60535 19.851 0.114
4104.74819 20.088 0.159
4104.77406 20.202 0.202
4107.72086 20.094 0.113
4109.63087 20.629 0.243
4113.65415 20.490 0.132
4117.64895 20.371 0.154
4118.56113 20.130 0.174
4120.64714 19.967 0.086
4122.64071 20.530 0.141
4123.72129 20.284 0.135
4124.61582 20.393 0.108
4124.67796 20.125 0.113
4126.68548 20.162 0.127
4127.63184 20.257 0.106
4131.53841 20.258 0.214
4132.60984 20.280 0.192
4142.54474 20.278 0.174
4149.63020 20.232 0.159
4150.52183 20.343 0.180
4153.57093 20.165 0.136
4153.59636 20.233 0.156
4164.54896 20.269 0.181
4165.51861 20.228 0.211
4177.53684 19.957 0.132
4180.51663 20.199 0.225
4345.86501 20.166 0.119
4345.89031 20.738 0.271
4350.82691 20.222 0.103
4350.86480 20.096 0.145
4355.84708 20.481 0.164
4355.87237 20.162 0.190
4361.80788 20.157 0.183
4361.83318 20.180 0.239
4364.79232 20.363 0.177
4364.83998 20.208 0.227
4366.81479 20.064 0.144
4367.75248 20.228 0.223
4370.76008 20.199 0.154
4370.78936 20.384 0.250
4373.76005 20.074 0.103
4376.79919 20.195 0.152
4376.82448 19.988 0.147
4379.80475 20.367 0.147
4379.83082 19.974 0.150
4383.80990 20.206 0.131
4383.83509 20.117 0.162
4388.74958 20.297 0.159
4388.77499 20.615 0.270
4392.77473 20.368 0.109
4392.82921 20.308 0.135
4397.78519 20.127 0.128
4397.87821 20.249 0.282
4402.86066 20.057 0.123
4403.71787 20.355 0.225
4410.81956 20.112 0.111
4410.84507 20.251 0.167
4416.84302 20.076 0.104
4417.73299 20.385 0.144
4420.85993 20.189 0.191
4421.70894 20.027 0.113
4421.76489 19.964 0.097
4425.69960 20.223 0.158
4425.72899 20.360 0.202
4429.69319 20.036 0.216
4431.75793 20.504 0.190
4431.83301 20.087 0.254
4435.79222 20.264 0.204
4435.85182 20.112 0.191
4439.68014 20.172 0.156
4439.70550 20.069 0.167
4441.85703 20.249 0.237
4442.68276 20.392 0.230
4448.70646 20.179 0.148
4448.73182 20.458 0.220
4450.71682 20.174 0.157
4450.74311 20.055 0.181
4453.69332 20.147 0.109
4453.71873 20.421 0.157
4456.73213 20.438 0.241
4457.66292 20.502 0.227
4458.67973 20.015 0.150
4459.64220 20.235 0.140
4461.62984 20.195 0.133
4464.64037 20.130 0.093
4465.65064 20.196 0.126
4467.65074 20.104 0.098
4468.68141 20.479 0.133
4471.63951 20.078 0.084
4473.61771 20.229 0.160
4474.69368 20.284 0.133
4477.70520 20.499 0.222
4478.70735 20.433 0.163
4479.72680 20.352 0.180
4481.73648 20.285 0.116
4484.65006 19.902 0.154
4486.68516 20.429 0.258
4487.71284 20.168 0.187
4490.68341 20.008 0.176
4490.70837 20.206 0.211
4493.75417 20.255 0.225
4494.63760 20.418 0.204
4498.61908 20.617 0.202
4499.58340 20.063 0.106
4501.61213 20.531 0.210
4502.61550 20.057 0.118
4503.60861 20.276 0.181
4507.61502 20.120 0.114
4508.55593 20.217 0.173
4509.60896 20.299 0.171
4510.63739 20.407 0.207
4516.51809 20.125 0.244
4520.58260 20.525 0.245
4520.60812 20.447 0.256
4523.51401 20.478 0.232
4523.59162 20.291 0.176
4530.50946 20.234 0.223
4530.53502 20.920 0.400
4532.50704 19.979 0.196
4533.53117 20.282 0.155
4535.58612 20.578 0.289
4537.52688 20.217 0.159
4538.60674 20.212 0.222
4540.55060 20.439 0.236
4540.57599 20.187 0.219
4544.49645 20.372 0.247
4544.54186 20.186 0.217
4546.59390 19.952 0.217
4547.59200 20.194 0.184
4558.54228 20.090 0.115
4559.52251 20.204 0.226
4564.48812 20.150 0.171
4566.54483 20.443 0.226
4570.52983 20.137 0.143
4574.50325 20.134 0.202
4583.46578 19.999 0.204
4591.46666 20.335 0.271
4598.47013 20.321 0.237
4672.93148 20.240 0.158
4675.93406 20.270 0.139
4677.91452 20.407 0.159
4677.93975 20.168 0.157
4691.83507 19.919 0.154
4691.86038 20.125 0.213
4703.90066 20.251 0.139
4704.86581 20.260 0.155
4704.89119 20.764 0.344
4716.85579 20.232 0.113
4717.85260 20.312 0.139
4722.79366 20.298 0.130
4722.87671 20.316 0.146
4726.79228 20.262 0.162
4726.81759 20.250 0.186
4730.83946 20.024 0.103
4731.83629 20.054 0.094
4747.78506 19.975 0.079
4747.81072 20.653 0.213
4750.85862 20.117 0.098
4750.88405 20.107 0.138
4755.86896 20.139 0.124
4756.78146 20.208 0.173
4759.80327 20.174 0.087
4759.82865 20.121 0.118
4762.76308 20.224 0.098
4762.78835 20.873 0.282
4768.74114 20.234 0.119
4768.76639 19.959 0.133
4771.78299 20.246 0.121
4771.80833 20.274 0.151
4774.73500 20.109 0.104
4774.78905 20.104 0.122
4776.81681 20.675 0.315
4776.84276 20.333 0.260
4779.85364 20.101 0.110
4780.77574 20.490 0.221
4783.71974 20.142 0.111
4783.77369 20.329 0.166
4787.86069 20.015 0.159
4788.70019 20.172 0.208
4790.82965 20.542 0.144
4790.86383 20.798 0.361
4793.73292 20.161 0.153
4794.64645 20.147 0.151
4795.74723 20.417 0.155
4797.66373 20.105 0.151
4799.70860 20.317 0.149
4800.70985 20.211 0.133
4802.71634 20.191 0.133
4802.74157 20.210 0.114
4805.68523 20.070 0.094
4805.71089 20.318 0.155
4806.67843 20.135 0.174
4807.67348 20.240 0.188
4807.69854 20.087 0.124
4808.64149 19.973 0.128
4808.77717 20.189 0.130
4809.66624 20.173 0.150
4809.81805 20.221 0.144
4810.65183 20.287 0.127
4810.69699 20.126 0.098
4810.80537 20.162 0.117
4811.63876 19.904 0.124
4811.81354 20.686 0.339
4812.65383 20.260 0.244
4813.67655 20.423 0.273
4813.68379 20.332 0.221
4814.64189 20.439 0.229
4815.68852 20.146 0.160
4815.71026 19.995 0.149
4816.64355 20.121 0.160
4817.69458 20.223 0.126
4818.66571 20.228 0.162
4819.68703 20.086 0.099
4820.67259 20.184 0.113
4821.75122 20.174 0.092
4823.67620 20.433 0.249
4825.73949 20.346 0.156
4825.76500 20.131 0.148
4831.78432 20.273 0.166
4831.81039 20.116 0.167
4834.71464 20.481 0.179
4834.74013 20.223 0.176
4836.71709 20.132 0.109
4836.74255 20.138 0.110
4838.69311 20.081 0.133
4840.64514 20.166 0.160
4841.70963 20.156 0.157
4842.64307 20.153 0.126
4843.70895 20.125 0.174
4844.64240 20.171 0.107
4846.67486 20.270 0.168
4847.70914 19.956 0.121
4848.70074 20.202 0.154
4849.70177 20.087 0.150
4850.69281 20.440 0.180
4852.68703 19.926 0.127
4853.70681 20.142 0.140
4854.68989 20.338 0.166
4855.69432 20.735 0.250
4856.68653 20.263 0.148
4859.65912 20.106 0.161
4863.62632 20.245 0.106
4865.70578 20.451 0.175
4866.63943 20.206 0.142
4867.64206 20.137 0.114
4869.59114 20.000 0.128
4870.62749 20.427 0.186
4871.62135 20.048 0.126
4873.61667 20.043 0.115
4873.64998 20.334 0.189
4875.55029 20.371 0.143
4875.60794 20.336 0.154
4875.63259 20.340 0.163
4877.52228 20.129 0.187
4877.63334 20.147 0.155
4878.57759 20.361 0.128
4879.52207 20.233 0.216
4879.56176 20.200 0.138
4881.57359 20.202 0.112
4882.63213 20.309 0.170
4882.65484 20.908 0.283
4884.56652 20.226 0.148
4884.59235 20.457 0.191
4887.60341 20.274 0.094
4887.62871 20.463 0.178
4899.64646 20.373 0.182
4900.52416 20.248 0.195
4901.63188 20.443 0.295
4905.52879 19.913 0.120
4905.54883 20.145 0.143
4907.57384 20.271 0.168
4908.52052 20.350 0.182
4908.57934 20.243 0.159
4911.54649 19.923 0.148
4911.63256 20.419 0.205
4913.52541 20.321 0.191
4914.53427 20.076 0.167
4915.52862 19.955 0.138
4916.52436 20.572 0.233
4919.51643 19.982 0.144
4920.55618 20.474 0.222
4925.52606 20.349 0.181
4926.51296 20.511 0.309
4929.49980 20.828 0.404
4931.54977 20.242 0.250
4933.52480 20.100 0.153
4935.51639 20.147 0.157
4936.49905 20.000 0.115
4939.52336 19.932 0.137
4940.51393 20.186 0.128
4943.52305 20.202 0.211
4945.50761 20.547 0.194
4951.48727 20.250 0.198
4955.48630 20.404 0.214
