2166.83000 15.948 0.007
2172.87877 15.713 0.006
2189.83600 15.918 0.008
2191.87033 15.852 0.006
2200.87108 15.793 0.006
2212.78503 15.902 0.007
2217.76995 15.981 0.008
2223.79023 15.739 0.006
2226.76508 15.939 0.008
2228.80859 15.857 0.007
2230.72174 15.736 0.006
2232.74223 15.834 0.006
2234.73600 16.107 0.007
2238.68682 16.003 0.007
2240.81574 15.977 0.007
2242.82154 15.903 0.008
2249.75477 15.904 0.007
2251.78724 15.832 0.006
2253.74770 15.721 0.006
2255.85744 15.759 0.007
2258.66437 15.821 0.006
2261.64998 15.998 0.007
2265.75201 15.872 0.007
2271.66511 16.120 0.007
2273.66082 16.076 0.008
2274.61289 15.764 0.007
2275.77108 16.019 0.008
2277.76586 15.992 0.007
2277.78046 15.993 0.007
2279.77094 15.913 0.007
2283.78794 15.732 0.006
2289.71709 16.057 0.007
2291.72452 16.002 0.008
2293.69664 15.937 0.008
2295.72341 15.857 0.006
2297.71427 15.768 0.007
2299.73666 15.716 0.006
2302.58393 15.842 0.007
2304.71994 15.783 0.007
2317.63347 16.092 0.008
2323.53490 15.887 0.007
2326.55254 16.029 0.008
2338.52022 16.114 0.009
2344.51302 15.942 0.007
2354.51482 16.096 0.010
2368.49881 16.125 0.009
2401.50085 15.753 0.007
2520.90966 16.065 0.008
2521.88902 15.875 0.007
2537.84238 15.835 0.009
2539.81721 15.707 0.007
2542.80957 15.898 0.007
2545.79124 16.044 0.008
2551.85594 15.857 0.007
2555.87998 15.709 0.007
2559.78889 16.078 0.008
2563.83910 15.979 0.008
2573.76781 16.115 0.009
2577.82868 16.009 0.008
2580.85813 16.113 0.007
2589.76518 16.071 0.008
2599.82575 15.713 0.006
2609.63821 15.898 0.009
2617.79428 16.116 0.009
2620.76236 15.778 0.006
2623.70670 15.955 0.007
2627.60289 15.772 0.008
2629.62762 15.801 0.007
2634.67175 15.800 0.006
2637.69777 15.984 0.007
2639.81257 15.940 0.007
2641.63520 15.819 0.007
2643.64623 15.716 0.006
2645.63896 15.980 0.007
2646.66638 15.920 0.007
2650.72288 15.764 0.008
2652.71366 15.757 0.007
2654.81744 16.037 0.008
2657.73196 15.780 0.007
2659.70095 15.724 0.006
2661.80065 15.961 0.007
2665.77061 16.038 0.007
2667.80419 16.001 0.008
2673.67980 15.737 0.008
2675.70673 15.880 0.006
2677.74140 16.130 0.009
2679.73210 16.068 0.008
2681.74880 16.015 0.008
2686.55749 16.053 0.009
2695.56632 16.003 0.007
2700.51734 16.066 0.009
2705.58926 16.024 0.008
2712.55174 15.981 0.008
2734.50144 15.949 0.009
2884.84477 16.018 0.008
2890.81255 15.805 0.008
2895.84823 15.925 0.007
2900.80391 15.996 0.007
2906.83486 15.763 0.006
2910.86833 16.084 0.007
2915.86450 15.702 0.006
2921.86679 16.035 0.008
2925.81231 15.919 0.007
2929.85422 15.744 0.007
2933.79386 16.112 0.008
2939.80236 15.938 0.008
2942.77779 16.072 0.008
2946.79821 15.957 0.008
2948.84329 15.894 0.007
2952.78258 15.711 0.007
2955.83961 15.922 0.009
2957.76714 15.816 0.007
2961.75050 15.975 0.008
2963.80875 16.112 0.009
2966.74811 15.733 0.006
2970.76218 16.109 0.007
2974.67686 16.003 0.007
2975.80200 15.714 0.006
2979.83846 16.112 0.008
2981.84571 16.038 0.009
2983.74649 15.972 0.007
2986.72894 16.099 0.008
2988.69586 16.019 0.007
2990.72048 15.979 0.007
2992.71733 15.917 0.007
2994.80807 15.865 0.006
2996.68355 15.726 0.006
2998.66687 15.987 0.007
3000.68367 16.122 0.007
3002.67087 16.036 0.007
3004.67061 16.005 0.007
3006.61633 15.924 0.007
3010.69090 15.784 0.007
3012.78636 15.711 0.008
3016.70506 16.096 0.008
3018.69488 16.025 0.007
3020.77027 15.988 0.007
3022.79668 15.927 0.008
3024.74533 15.837 0.006
3026.71437 15.725 0.006
3028.75007 15.864 0.006
3030.75512 16.111 0.007
3033.67704 15.738 0.006
3035.68325 15.847 0.007
3038.66691 15.855 0.007
3041.56404 15.984 0.008
3043.59385 15.937 0.008
3045.63287 15.866 0.007
3047.58705 15.763 0.007
3049.59274 15.743 0.006
3050.56336 15.930 0.006
3052.55766 15.868 0.007
3054.55931 15.773 0.006
3056.55847 15.712 0.006
3058.55152 16.072 0.007
3067.63432 16.114 0.008
3069.59285 16.034 0.008
3072.64099 15.773 0.007
3075.59557 15.855 0.007
3078.51684 15.994 0.007
3081.67034 16.042 0.007
3084.58257 15.785 0.006
3087.54353 15.953 0.007
3089.64620 15.908 0.007
3092.58495 16.040 0.009
3098.58791 15.829 0.007
3101.54823 15.993 0.009
3104.51964 16.124 0.008
3110.52801 15.936 0.008
3113.51166 16.071 0.008
3125.50912 16.043 0.009
3135.47501 15.844 0.008
3229.88915 15.776 0.006
3239.90304 15.983 0.007
3247.87393 15.947 0.006
3256.85062 16.115 0.008
3268.84278 15.717 0.006
3273.80163 15.809 0.007
3276.88712 15.991 0.007
3281.79732 16.028 0.006
3289.81100 15.744 0.006
3294.80894 15.850 0.006
3296.81435 15.789 0.006
3298.84495 15.706 0.006
3301.66522 15.843 0.007
3303.83429 15.811 0.006
3306.80906 15.976 0.007
3308.82588 15.909 0.007
3310.85820 15.830 0.006
3314.82573 15.917 0.007
3321.70451 15.959 0.006
3329.79763 15.946 0.006
3334.69376 16.015 0.007
3338.74978 15.885 0.006
3349.72194 15.713 0.006
3352.63647 15.912 0.006
3359.71731 15.948 0.006
3363.69525 15.766 0.006
3369.76219 16.090 0.007
3377.70141 15.836 0.007
3386.78405 15.767 0.006
3391.57482 15.826 0.006
3395.62957 15.857 0.007
3398.68637 15.862 0.006
3400.67274 15.789 0.007
3403.66151 15.971 0.007
3406.59549 16.071 0.007
3410.61319 15.976 0.006
3415.56877 16.031 0.007
3436.56654 16.080 0.007
3443.50929 16.090 0.008
3452.52912 16.028 0.006
3574.91976 16.057 0.007
3588.91010 16.091 0.007
3590.91200 16.014 0.006
3614.90125 15.758 0.006
3629.79661 15.969 0.007
3634.75473 16.020 0.007
3640.75107 15.831 0.006
3644.89337 15.761 0.006
3650.80314 16.017 0.007
3653.83104 16.076 0.007
3656.88699 15.817 0.006
3661.79341 15.894 0.007
3666.79057 15.987 0.006
3671.78894 16.045 0.006
3675.80337 15.941 0.006
3683.82652 16.078 0.006
3687.68835 16.006 0.007
3689.79196 15.960 0.006
3692.71249 16.087 0.007
3694.84477 16.036 0.006
3696.66527 15.958 0.006
3699.67756 16.080 0.006
3701.72869 16.029 0.006
3704.75000 15.928 0.006
3706.74849 16.104 0.006
3711.64028 15.979 0.007
3713.65389 16.110 0.007
3716.68735 15.755 0.007
3719.66463 15.939 0.007
3725.74795 15.703 0.006
3727.69590 16.079 0.008
3730.62419 15.788 0.006
3733.61290 15.969 0.006
3734.71574 15.975 0.006
3736.73468 16.117 0.007
3738.65659 16.042 0.007
3740.69161 15.984 0.006
3743.65708 16.117 0.007
3746.73102 15.774 0.006
3748.68431 15.802 0.006
3750.57591 16.125 0.008
3752.69716 16.079 0.007
3754.68556 16.024 0.007
3758.70644 15.887 0.007
3762.66452 15.702 0.006
3765.65510 15.886 0.006
3769.72708 15.735 0.006
3772.69524 15.938 0.007
3775.66721 16.085 0.008
3778.66569 15.808 0.006
3781.72671 15.883 0.007
3786.54977 15.931 0.007
3791.54540 16.009 0.006
3798.54573 16.011 0.007
3805.53093 16.026 0.007
3819.50981 16.056 0.007
3938.92755 15.965 0.007
3961.90464 15.929 0.008
3968.88714 15.954 0.007
3974.87270 15.741 0.006
3981.78019 15.732 0.006
3987.90417 16.050 0.007
3995.81182 15.730 0.006
4002.81119 15.750 0.006
4004.83242 15.770 0.006
4007.76504 15.868 0.006
4011.74576 15.767 0.006
4018.78513 15.704 0.006
4023.77950 15.815 0.006
4026.69549 15.972 0.006
4028.83149 15.926 0.006
4031.71923 16.049 0.007
4037.82672 15.879 0.006
4040.79490 16.013 0.006
4042.81040 15.971 0.006
4046.68516 15.774 0.006
4048.77452 15.715 0.006
4051.76418 15.898 0.006
4053.81547 15.843 0.006
4056.63533 15.963 0.007
4059.64637 16.100 0.007
4064.66900 15.966 0.006
4067.66949 15.839 0.006
4069.65760 15.748 0.006
4072.69474 15.953 0.006
4076.76519 15.800 0.006
4079.64011 15.938 0.006
4082.66077 16.080 0.007
4084.74117 16.043 0.006
4087.66098 16.049 0.006
4093.80933 16.014 0.006
4102.61557 15.933 0.006
4104.78430 15.896 0.007
4109.64559 15.945 0.006
4113.66440 15.801 0.006
4118.57132 15.868 0.007
4120.65746 15.811 0.006
4124.68819 15.923 0.006
4127.64208 15.832 0.006
4132.62012 15.928 0.007
4142.55509 16.064 0.009
4150.53216 15.777 0.007
4153.60680 15.976 0.007
4165.53716 16.035 0.009
4180.52707 15.789 0.008
4341.84164 15.712 0.007
4345.90075 16.133 0.009
4350.87517 15.846 0.008
4355.88279 15.781 0.008
4361.84354 16.103 0.009
4364.85036 15.709 0.007
4367.76287 15.884 0.008
4370.79972 16.017 0.008
4376.83480 15.841 0.007
4379.84113 15.999 0.008
4383.84539 15.860 0.007
4388.78528 15.938 0.008
4392.83953 15.797 0.006
4398.78835 16.094 0.008
4403.72812 16.076 0.008
4410.85528 15.858 0.007
4417.74322 15.905 0.007
4421.71920 16.052 0.007
4421.77514 16.057 0.007
4425.73922 15.947 0.007
4429.70339 15.763 0.007
4431.84320 15.702 0.008
4435.86202 16.100 0.010
4439.71572 15.971 0.007
4442.69299 16.104 0.008
4448.74645 15.922 0.007
4450.75331 15.863 0.008
4453.72898 15.988 0.007
4456.74233 16.086 0.008
4458.68995 16.066 0.008
4461.64005 15.819 0.006
4465.66086 16.076 0.007
4468.69165 15.694 0.006
4473.62794 15.794 0.006
4477.71545 15.917 0.007
4479.73707 16.115 0.007
4483.69696 16.010 0.007
4486.69544 16.117 0.008
4490.69366 15.997 0.008
4493.76448 16.045 0.009
4498.62894 15.732 0.006
4501.62199 15.878 0.007
4503.62302 15.791 0.007
4508.56580 15.894 0.007
4510.64774 15.826 0.006
4516.52844 16.110 0.009
4520.61843 16.008 0.009
4523.60197 16.114 0.008
4530.54541 16.112 0.008
4535.59655 15.714 0.007
4538.61713 15.898 0.008
4540.58639 15.810 0.007
