2165.90054 15.365 0.006
2166.81917 15.536 0.006
2172.86794 15.595 0.006
2183.87927 15.521 0.007
2189.82525 15.583 0.007
2191.85442 15.412 0.006
2200.86116 15.500 0.006
2212.77512 15.596 0.006
2217.76005 15.457 0.007
2223.78032 15.517 0.006
2226.75516 15.548 0.007
2228.79869 15.391 0.006
2232.73234 15.586 0.006
2234.72609 15.430 0.006
2238.67695 15.627 0.007
2240.80588 15.506 0.006
2242.81165 15.332 0.006
2244.85830 15.688 0.007
2249.74112 15.576 0.006
2251.77357 15.419 0.006
2253.73173 15.505 0.006
2255.84755 15.636 0.006
2258.65450 15.631 0.006
2261.64009 15.670 0.007
2265.68226 15.359 0.006
2271.65524 15.408 0.006
2273.65093 15.545 0.006
2275.76119 15.640 0.007
2277.75598 15.480 0.006
2279.76108 15.306 0.005
2281.77494 15.697 0.006
2283.77807 15.561 0.006
2289.70720 15.592 0.006
2293.68676 15.461 0.006
2295.71349 15.639 0.006
2297.70436 15.495 0.007
2299.70312 15.306 0.006
2302.57399 15.318 0.006
2304.71002 15.707 0.007
2317.62349 15.476 0.006
2323.52413 15.507 0.007
2326.54175 15.538 0.007
2331.57690 15.422 0.007
2338.50940 15.644 0.008
2344.50219 15.687 0.007
2354.50393 15.445 0.007
2368.48794 15.394 0.007
2401.48985 15.691 0.008
2520.89884 15.640 0.007
2521.87817 15.306 0.006
2537.83157 15.607 0.008
2539.80719 15.458 0.007
2542.79961 15.474 0.006
2545.78127 15.512 0.007
2551.84522 15.570 0.006
2555.86922 15.509 0.007
2559.77816 15.450 0.006
2563.82836 15.660 0.007
2573.75788 15.396 0.007
2577.81878 15.616 0.007
2580.84823 15.646 0.006
2589.75452 15.690 0.007
2594.76937 15.600 0.008
2599.81507 15.470 0.006
2609.62755 15.705 0.008
2613.71913 15.423 0.007
2620.75192 15.656 0.006
2623.69625 15.664 0.007
2627.59245 15.337 0.007
2629.61774 15.707 0.007
2634.66189 15.598 0.007
2637.68789 15.626 0.007
2639.80268 15.497 0.006
2641.62533 15.315 0.006
2645.62908 15.540 0.007
2646.65650 15.694 0.007
2650.71236 15.411 0.006
2652.69888 15.591 0.007
2654.80755 15.626 0.007
2657.72208 15.635 0.007
2659.69105 15.495 0.006
2661.79075 15.323 0.006
2665.76071 15.552 0.006
2667.78087 15.390 0.006
2671.70643 15.598 0.007
2673.66899 15.437 0.006
2675.69680 15.387 0.006
2677.73145 15.640 0.007
2679.72218 15.507 0.007
2681.73824 15.341 0.006
2690.62513 15.404 0.006
2695.55570 15.492 0.007
2700.50673 15.656 0.009
2705.57862 15.537 0.006
2712.54108 15.604 0.007
2734.49074 15.617 0.008
2869.87245 15.341 0.007
2883.92198 15.305 0.006
2890.80189 15.534 0.008
2895.83763 15.403 0.006
2900.79325 15.481 0.006
2906.82426 15.310 0.006
2910.85771 15.554 0.006
2915.85395 15.425 0.006
2921.85622 15.472 0.006
2925.80175 15.663 0.007
2925.83231 15.668 0.007
2929.83667 15.364 0.006
2933.78333 15.572 0.006
2939.79184 15.619 0.007
2942.76726 15.642 0.007
2946.78768 15.332 0.006
2948.83281 15.693 0.007
2952.77206 15.396 0.006
2955.82911 15.431 0.007
2957.75671 15.521 0.007
2961.74002 15.475 0.006
2963.79826 15.306 0.006
2966.73769 15.317 0.005
2970.66426 15.545 0.007
2974.66641 15.671 0.007
2975.79159 15.428 0.006
2979.82802 15.647 0.007
2981.83528 15.498 0.008
2983.73607 15.295 0.006
2986.71854 15.328 0.006
2988.68539 15.690 0.007
2990.70594 15.557 0.006
2992.70688 15.405 0.006
2994.79763 15.532 0.006
2996.67313 15.595 0.006
2998.65642 15.447 0.006
3000.67321 15.373 0.006
3002.66040 15.649 0.007
3004.66020 15.501 0.006
3006.60589 15.312 0.006
3008.66891 15.697 0.008
3010.68043 15.559 0.007
3012.77587 15.415 0.007
3016.69459 15.613 0.007
3018.68445 15.462 0.006
3020.75978 15.313 0.006
3022.78623 15.679 0.006
3024.73484 15.526 0.006
3026.70386 15.348 0.006
3028.73963 15.694 0.006
3030.74461 15.590 0.007
3033.66656 15.586 0.006
3035.67273 15.435 0.006
3038.65640 15.463 0.007
3041.55355 15.477 0.007
3043.58333 15.317 0.006
3045.62235 15.679 0.007
3047.57654 15.538 0.007
3049.58223 15.367 0.006
3050.55286 15.562 0.006
3052.54715 15.398 0.006
3054.54877 15.638 0.007
3056.54789 15.611 0.007
3058.54094 15.462 0.006
3060.56209 15.356 0.006
3067.59743 15.555 0.007
3069.58226 15.379 0.006
3072.63038 15.417 0.007
3075.58494 15.452 0.006
3077.66779 15.344 0.006
3081.65976 15.522 0.006
3084.57191 15.521 0.006
3087.53197 15.552 0.007
3089.63551 15.399 0.006
3098.57721 15.466 0.006
3101.53752 15.504 0.007
3104.50896 15.524 0.006
3110.51729 15.590 0.007
3113.50096 15.598 0.007
3125.49836 15.713 0.008
3135.46427 15.459 0.007
3229.87842 15.529 0.006
3239.89240 15.594 0.007
3247.86332 15.674 0.007
3256.83474 15.693 0.007
3262.91047 15.371 0.006
3268.83219 15.321 0.006
3273.79105 15.701 0.007
3276.87657 15.649 0.007
3283.88657 15.502 0.006
3289.80049 15.524 0.006
3294.79844 15.394 0.005
3296.80384 15.656 0.006
3298.83440 15.624 0.006
3301.65472 15.623 0.007
3303.80617 15.484 0.007
3306.79859 15.515 0.006
3308.81536 15.335 0.006
3310.84774 15.703 0.007
3314.81524 15.404 0.006
3321.69405 15.627 0.006
3325.75193 15.308 0.005
3329.78719 15.542 0.006
3334.68329 15.383 0.006
3338.73933 15.626 0.006
3349.71152 15.534 0.006
3352.62600 15.556 0.006
3355.64787 15.586 0.006
3359.70688 15.485 0.006
3363.67556 15.490 0.006
3363.68480 15.488 0.006
3369.74691 15.565 0.006
3372.65680 15.568 0.006
3377.69096 15.446 0.006
3381.79667 15.656 0.006
3386.77358 15.552 0.006
3391.56433 15.359 0.006
3395.61526 15.596 0.006
3398.67588 15.621 0.007
3400.66226 15.485 0.007
3403.65100 15.513 0.006
3406.58497 15.520 0.006
3410.60279 15.702 0.006
3415.55833 15.590 0.006
3421.56277 15.638 0.006
3436.55605 15.586 0.006
3452.51855 15.569 0.006
3574.90913 15.543 0.006
3585.93193 15.479 0.006
3590.90138 15.319 0.005
3614.89069 15.563 0.006
3629.78609 15.668 0.007
3634.74424 15.548 0.006
3640.73956 15.593 0.006
3644.88291 15.347 0.005
3650.79266 15.325 0.005
3653.82060 15.367 0.006
3656.87656 15.415 0.006
3661.78299 15.533 0.006
3666.78016 15.670 0.007
3671.77857 15.538 0.006
3675.79301 15.696 0.006
3683.81614 15.647 0.006
3686.86377 15.672 0.006
3689.78161 15.694 0.006
3692.70215 15.693 0.006
3694.83439 15.583 0.006
3696.65494 15.390 0.006
3699.66721 15.411 0.005
3701.71834 15.502 0.006
3704.73963 15.356 0.005
3706.73814 15.663 0.006
3711.62992 15.525 0.006
3713.64355 15.355 0.006
3716.67703 15.398 0.006
3719.65427 15.415 0.006
3725.73760 15.494 0.006
3727.68554 15.313 0.006
3730.61387 15.323 0.005
3733.60255 15.364 0.005
3734.70538 15.579 0.006
3736.72435 15.419 0.006
3738.64625 15.636 0.006
3740.68129 15.618 0.006
3743.64677 15.641 0.006
3748.67326 15.530 0.006
3750.56555 15.330 0.006
3752.68678 15.699 0.006
3754.67460 15.573 0.006
3758.69604 15.538 0.007
3760.77768 15.638 0.006
3762.65413 15.465 0.006
3769.71664 15.689 0.006
3772.68482 15.702 0.007
3775.65625 15.684 0.007
3778.65525 15.534 0.006
3786.53931 15.662 0.006
3791.53491 15.547 0.006
3798.53524 15.614 0.006
3805.52042 15.489 0.006
3819.49925 15.443 0.006
3937.93945 15.703 0.007
3961.89415 15.425 0.006
3968.87668 15.637 0.007
3974.86138 15.682 0.007
3981.76979 15.396 0.006
3987.89378 15.474 0.006
3995.80142 15.368 0.006
4002.80087 15.597 0.005
4004.82201 15.440 0.005
4007.75471 15.462 0.005
4011.73542 15.665 0.006
4018.77482 15.380 0.006
4023.76924 15.550 0.006
4026.68522 15.483 0.006
4028.82124 15.650 0.006
4031.70898 15.678 0.006
4037.80937 15.694 0.006
4040.78465 15.632 0.006
4042.80014 15.601 0.006
4046.67490 15.458 0.006
4048.76428 15.657 0.006
4051.75393 15.681 0.006
4053.80524 15.537 0.006
4056.62510 15.557 0.006
4059.63614 15.576 0.006
4064.65879 15.441 0.005
4067.65931 15.481 0.006
4069.64739 15.322 0.005
4072.68456 15.320 0.005
4076.75497 15.581 0.006
4079.62990 15.590 0.006
4082.65054 15.606 0.006
4084.73103 15.472 0.006
4087.65077 15.494 0.006
4093.79910 15.569 0.006
4102.60535 15.614 0.006
4104.77406 15.481 0.006
4109.63087 15.314 0.005
4113.65415 15.555 0.005
4118.56113 15.397 0.006
4120.64714 15.588 0.005
4123.72129 15.375 0.005
4124.67796 15.469 0.005
4127.63184 15.510 0.005
4132.60984 15.345 0.006
4142.54474 15.606 0.007
4150.52183 15.513 0.007
4153.59636 15.549 0.007
4165.51861 15.640 0.008
4180.51663 15.571 0.007
4341.83117 15.577 0.007
4345.89031 15.530 0.007
4350.86480 15.664 0.007
4355.87237 15.536 0.007
4361.83318 15.594 0.008
4364.83998 15.609 0.008
4367.75248 15.628 0.007
4370.78936 15.652 0.007
4376.82448 15.696 0.007
4379.83082 15.697 0.007
4383.83509 15.438 0.007
4388.77499 15.392 0.006
4392.82921 15.521 0.006
4397.87821 15.389 0.007
4403.71787 15.416 0.006
4410.84507 15.668 0.007
4417.73299 15.369 0.006
4421.70894 15.586 0.006
4421.76489 15.596 0.006
4425.72899 15.504 0.006
4429.69319 15.488 0.007
4431.83301 15.340 0.007
4435.85182 15.559 0.007
4439.70550 15.700 0.007
4442.68276 15.634 0.007
4448.73182 15.324 0.006
4450.74311 15.669 0.008
4453.71873 15.691 0.006
4456.73213 15.719 0.007
4458.67973 15.569 0.007
4461.62984 15.590 0.006
4465.65064 15.482 0.006
4468.68141 15.325 0.006
4473.61771 15.684 0.007
4477.70520 15.395 0.006
4479.72680 15.654 0.007
4483.68670 15.444 0.006
4486.68516 15.475 0.007
4490.68341 15.684 0.007
4493.75417 15.698 0.007
4498.61908 15.577 0.006
4501.61213 15.598 0.007
4503.60861 15.445 0.006
4508.55593 15.344 0.006
4510.63739 15.675 0.007
4516.51809 15.697 0.008
4520.60812 15.438 0.007
4523.59162 15.451 0.006
4530.53502 15.661 0.007
4532.50704 15.519 0.007
4535.58612 15.547 0.007
4538.60674 15.599 0.007
4540.57599 15.430 0.007
