2165.88307 13.496 0.006
2171.90436 12.883 0.005
2183.86379 13.391 0.005
2184.86575 13.428 0.005
2189.81005 13.345 0.005
2191.83693 12.844 0.005
2200.84347 13.058 0.005
2211.81922 13.506 0.005
2217.74610 12.878 0.005
2223.76604 13.071 0.005
2226.74120 13.250 0.005
2230.69780 13.436 0.005
2232.71835 13.422 0.005
2234.71152 13.408 0.005
2238.66284 12.852 0.005
2240.79120 12.886 0.005
2242.79309 12.930 0.005
2244.84381 13.001 0.005
2249.71613 13.281 0.005
2251.81100 13.408 0.005
2253.70751 13.442 0.005
2256.71479 13.523 0.005
2258.82263 12.874 0.005
2261.61490 12.856 0.005
2265.66482 12.929 0.005
2271.64127 13.240 0.005
2273.79432 13.371 0.005
2275.73220 13.443 0.005
2277.73574 13.418 0.005
2279.74669 13.435 0.005
2281.73388 12.838 0.005
2283.76216 12.841 0.005
2289.68592 12.981 0.005
2291.69473 13.087 0.005
2293.67066 13.199 0.005
2295.69022 13.330 0.005
2297.68833 13.434 0.005
2299.68109 13.436 0.005
2301.65050 13.532 0.006
2303.64735 12.905 0.005
2317.57107 13.299 0.005
2322.61702 13.455 0.005
2326.52638 12.878 0.006
2337.57569 13.130 0.005
2349.53545 12.831 0.005
2366.51086 13.460 0.006
2397.50605 12.878 0.005
2520.88360 13.334 0.005
2535.91485 12.939 0.005
2542.78564 13.281 0.005
2544.82994 13.420 0.006
2551.82999 12.896 0.005
2555.85405 12.884 0.005
2559.74171 13.001 0.005
2563.81307 13.191 0.005
2571.86775 13.497 0.006
2577.80488 12.872 0.005
2580.83402 12.967 0.006
2589.73419 13.396 0.005
2594.75341 13.527 0.006
2599.79487 12.885 0.005
2613.67654 13.453 0.006
2617.76718 13.466 0.006
2626.66027 12.975 0.005
2628.82620 13.037 0.005
2631.62701 13.206 0.005
2634.64758 13.403 0.005
2637.67380 13.446 0.006
2640.71467 13.355 0.005
2642.68456 12.867 0.006
2650.66648 13.013 0.005
2652.65181 13.114 0.005
2655.64214 13.301 0.005
2657.70454 13.408 0.005
2659.72898 13.451 0.005
2661.77671 13.477 0.005
2663.70769 13.123 0.005
2665.74672 12.862 0.005
2667.76686 12.879 0.005
2671.66241 12.954 0.005
2673.65478 13.083 0.006
2675.68293 13.126 0.005
2677.68573 13.260 0.005
2679.70813 13.380 0.005
2681.69688 13.452 0.005
2685.64339 13.408 0.005
2690.59730 12.885 0.005
2695.53506 13.007 0.005
2699.58738 13.221 0.005
2705.56117 13.444 0.005
2712.52580 12.862 0.005
2733.49583 12.843 0.005
2883.90656 13.428 0.005
2888.88764 13.234 0.005
2894.82269 12.885 0.005
2899.82353 13.078 0.005
2905.81286 13.404 0.006
2910.84275 13.500 0.006
2921.84100 13.028 0.005
2925.78433 13.257 0.005
2929.82140 13.441 0.005
2933.76825 13.343 0.006
2939.77408 12.876 0.006
2946.77262 13.153 0.005
2949.75627 13.340 0.005
2952.74949 13.436 0.006
2955.81384 13.494 0.006
2961.72419 12.861 0.005
2963.78324 12.910 0.005
2969.67143 13.191 0.005
2973.83737 13.420 0.005
2975.77284 13.437 0.005
2977.76078 13.503 0.006
2977.78679 13.495 0.005
2981.81976 12.856 0.005
2983.72041 12.892 0.006
2986.70303 12.950 0.006
2988.67024 12.988 0.005
2990.74641 13.105 0.005
2992.68676 13.212 0.005
2994.78175 13.352 0.005
2996.65775 13.433 0.006
2998.64063 13.438 0.005
3000.65739 13.504 0.005
3008.65369 12.903 0.005
3012.76072 13.063 0.005
3016.67953 13.303 0.005
3018.67695 13.413 0.005
3020.71087 13.459 0.006
3022.77127 13.483 0.005
3024.71955 13.004 0.006
3026.68862 12.876 0.006
3030.72948 12.902 0.005
3035.65768 13.075 0.005
3038.64128 13.269 0.005
3040.66662 13.390 0.005
3042.60165 13.446 0.005
3044.54374 13.426 0.005
3046.55951 13.306 0.005
3048.53668 12.825 0.005
3052.53217 12.894 0.005
3054.53360 12.936 0.005
3056.53289 13.013 0.005
3057.57927 13.062 0.005
3058.52579 13.111 0.005
3060.54552 13.228 0.005
3062.53926 13.356 0.005
3067.58212 13.471 0.006
3072.61411 12.855 0.005
3075.56912 12.892 0.005
3077.65254 12.948 0.005
3081.64386 13.146 0.005
3087.51573 13.430 0.005
3089.57396 13.402 0.005
3092.55928 12.939 0.005
3098.56140 12.871 0.006
3102.49984 13.055 0.005
3105.53866 13.219 0.005
3108.51702 13.394 0.005
3111.49499 13.418 0.005
3114.48642 13.178 0.005
3125.48359 13.075 0.005
3134.48400 13.417 0.005
3247.84850 13.454 0.005
3262.89546 13.190 0.005
3268.81707 13.423 0.005
3273.77614 12.854 0.005
3276.82173 12.877 0.005
3281.77183 13.014 0.005
3283.87163 13.104 0.005
3289.78538 13.420 0.005
3294.78296 13.188 0.005
3296.78863 12.852 0.005
3298.81925 12.882 0.005
3300.87510 12.892 0.005
3303.79109 12.982 0.005
3306.78373 13.147 0.006
3308.80043 13.240 0.005
3310.83278 13.365 0.005
3314.75997 13.417 0.005
3321.67483 12.862 0.005
3325.73660 12.957 0.005
3329.77120 13.174 0.005
3334.66651 13.411 0.005
3338.71917 13.520 0.005
3349.69632 13.001 0.005
3352.66307 13.162 0.005
3355.68434 13.347 0.005
3359.68949 13.425 0.005
3369.68942 12.952 0.006
3377.67582 13.319 0.005
3381.78133 13.428 0.005
3389.67085 12.863 0.005
3394.71647 12.999 0.005
3396.59587 13.097 0.005
3399.63333 13.279 0.005
3402.63169 13.421 0.005
3404.55984 13.432 0.005
3409.53898 12.837 0.005
3414.53433 12.910 0.005
3418.62706 13.069 0.005
3428.60909 13.500 0.005
3444.53911 13.270 0.005
3452.50058 13.230 0.005
3585.91722 13.448 0.005
3590.93821 12.910 0.006
3617.85829 12.930 0.005
3629.76872 13.434 0.005
3633.81595 12.908 0.005
3638.76950 12.891 0.005
3641.80787 12.983 0.005
3646.88713 13.265 0.005
3653.80580 13.476 0.005
3656.86165 12.890 0.006
3660.74753 12.889 0.005
3665.79705 13.040 0.005
3671.76294 13.387 0.005
3675.77798 13.411 0.005
3683.80100 12.932 0.006
3686.84871 12.980 0.005
3689.76654 13.135 0.006
3692.68699 13.300 0.005
3695.76630 13.444 0.005
3698.71322 13.451 0.005
3700.74783 13.096 0.005
3702.83546 12.863 0.006
3707.71837 12.914 0.005
3712.82188 13.148 0.005
3715.63956 13.330 0.005
3718.67218 13.451 0.005
3722.62561 13.417 0.005
3725.72248 12.851 0.005
3728.62599 12.882 0.006
3731.69720 13.001 0.006
3734.69009 13.109 0.005
3736.67815 13.230 0.005
3738.63125 13.350 0.005
3740.60161 13.437 0.005
3743.59895 13.447 0.005
3746.60019 12.948 0.006
3748.62852 12.863 0.005
3750.60154 12.889 0.005
3752.61683 12.913 0.005
3754.65496 12.985 0.005
3756.75498 13.088 0.005
3758.68025 13.200 0.005
3761.72650 13.390 0.005
3765.59205 13.426 0.005
3769.70186 12.892 0.006
3772.66992 12.875 0.005
3775.64121 12.923 0.005
3778.64026 13.047 0.005
3781.68602 13.222 0.005
3785.62388 13.430 0.005
3790.59261 13.285 0.005
3797.57286 12.914 0.005
3805.50548 13.304 0.005
3818.51809 12.882 0.005
3937.92069 13.128 0.005
3961.87947 13.223 0.005
3968.86224 13.429 0.005
3974.83581 12.862 0.005
3981.75537 13.061 0.005
3987.87932 13.419 0.005
3995.78614 12.840 0.005
3999.81905 12.904 0.005
4004.80749 13.079 0.005
4007.74004 13.261 0.005
4016.85108 12.930 0.005
4023.75440 12.932 0.005
4026.66748 13.046 0.005
4028.80335 13.172 0.005
4030.88065 13.303 0.005
4037.77421 13.506 0.005
4040.76999 12.839 0.005
4042.78538 12.866 0.005
4046.66017 12.952 0.005
4048.74868 13.039 0.005
4051.73926 13.204 0.005
4053.79060 13.319 0.005
4055.74034 13.416 0.005
4057.71926 13.449 0.005
4060.65857 13.445 0.005
4065.70610 12.876 0.005
4067.64451 12.903 0.005
4069.63251 12.962 0.005
4072.66979 13.108 0.005
4077.70208 13.400 0.005
4080.68587 13.449 0.005
4084.71577 12.891 0.005
4087.74266 12.865 0.005
4092.79849 12.977 0.005
4100.85490 13.429 0.005
4104.75871 13.491 0.005
4107.73143 12.849 0.005
4117.65952 13.094 0.005
4122.65126 13.400 0.005
4124.66289 13.444 0.005
4126.69604 13.438 0.005
4131.54900 12.874 0.005
4149.64089 13.474 0.006
4153.58164 12.831 0.005
4164.56015 13.206 0.005
4178.51343 12.870 0.005
4345.87577 13.256 0.005
4350.88642 13.455 0.005
4355.85785 12.833 0.005
4361.81859 12.923 0.005
4364.80302 13.049 0.005
4366.82545 13.163 0.005
4370.77077 13.401 0.006
4373.77073 13.444 0.005
4376.80983 13.237 0.005
4379.81544 12.831 0.005
4383.82052 12.907 0.005
4388.76021 13.118 0.005
4392.78531 13.371 0.005
4397.79578 13.473 0.005
4402.87124 12.865 0.005
4410.83010 13.107 0.005
4416.85356 13.443 0.005
4425.71016 12.844 0.005
4431.76849 13.013 0.005
4435.82493 13.253 0.005
4439.69068 13.441 0.005
4442.75828 13.455 0.005
4448.71699 12.863 0.005
4450.72732 12.897 0.005
4453.70388 12.988 0.005
4457.67347 13.192 0.005
4459.65277 13.317 0.005
4464.65092 13.407 0.005
4467.66129 12.934 0.005
4474.70422 12.933 0.005
4478.71793 13.106 0.005
4481.74708 13.296 0.005
4484.66065 13.442 0.006
4487.72342 13.450 0.005
4491.69755 12.833 0.005
4494.64825 12.875 0.005
4499.59325 13.027 0.005
4502.62537 13.191 0.005
4507.62491 13.443 0.005
4509.61883 13.414 0.005
4520.59327 12.964 0.005
4523.52465 13.099 0.005
4530.52017 13.448 0.005
4533.54188 13.516 0.006
4537.53757 12.849 0.005
4540.56133 12.892 0.005
4544.50716 13.021 0.005
4547.60278 13.193 0.005
4558.55304 12.854 0.005
4564.55445 12.924 0.005
