2187.76828 15.460 0.007
2193.83746 15.490 0.006
2202.83722 15.477 0.006
2215.79004 15.463 0.006
2222.78989 15.487 0.007
2224.83747 15.508 0.006
2227.74842 15.491 0.006
2229.75412 15.477 0.006
2231.72266 15.448 0.006
2233.69087 15.500 0.006
2237.61010 15.542 0.007
2239.67114 15.529 0.006
2241.76278 15.473 0.006
2243.83304 15.511 0.007
2248.69258 15.542 0.006
2250.72402 15.502 0.006
2252.82114 15.539 0.007
2254.73909 15.523 0.006
2257.75664 15.499 0.006
2260.76622 15.490 0.006
2265.70467 15.549 0.006
2266.78463 15.548 0.006
2270.81610 15.505 0.006
2272.66367 15.477 0.006
2274.79460 15.482 0.006
2276.84995 15.498 0.006
2278.80896 15.503 0.006
2280.78867 15.540 0.006
2282.79247 15.499 0.006
2290.68385 15.475 0.006
2293.80333 15.557 0.007
2295.82719 15.543 0.006
2297.81397 15.493 0.006
2299.83042 15.473 0.006
2302.79972 15.524 0.007
2303.72250 15.515 0.007
2321.69535 15.570 0.007
2328.57235 15.525 0.007
2334.57045 15.578 0.007
2340.56210 15.538 0.007
2346.50274 15.550 0.007
2360.49764 15.583 0.007
2540.87638 15.489 0.007
2548.81343 15.516 0.007
2553.78014 15.489 0.007
2557.84554 15.561 0.007
2561.84355 15.510 0.006
2565.84917 15.487 0.007
2574.80625 15.530 0.006
2578.86284 15.520 0.007
2586.76414 15.575 0.006
2590.83745 15.526 0.007
2596.84446 15.510 0.007
2606.74074 15.498 0.006
2609.85009 15.477 0.007
2614.81178 15.545 0.007
2619.68846 15.509 0.006
2621.81575 15.508 0.006
2624.71286 15.568 0.007
2630.60235 15.562 0.007
2632.75321 15.540 0.006
2636.70305 15.556 0.006
2638.74730 15.578 0.007
2641.79570 15.545 0.006
2643.79302 15.583 0.007
2645.79083 15.527 0.007
2649.66639 15.538 0.007
2651.74618 15.573 0.006
2653.74011 15.566 0.007
2655.77458 15.586 0.007
2657.75860 15.589 0.007
2659.81976 15.540 0.007
2661.61991 15.515 0.006
2663.86500 15.542 0.007
2666.60382 15.554 0.006
2668.83158 15.551 0.007
2676.75785 15.507 0.006
2678.80380 15.554 0.006
2684.57812 15.599 0.007
2688.55181 15.554 0.007
2692.52624 15.545 0.007
2697.54114 15.595 0.007
2702.54275 15.553 0.007
2708.56956 15.580 0.007
2725.50205 15.558 0.007
2875.86951 15.491 0.007
2884.89277 15.448 0.007
2890.91271 15.506 0.008
2896.86764 15.468 0.007
2902.79868 15.473 0.006
2907.85934 15.488 0.006
2912.80259 15.426 0.006
2917.81085 15.487 0.006
2923.81356 15.479 0.006
2926.86601 15.453 0.006
2931.79475 15.505 0.006
2934.83492 15.498 0.006
2940.81519 15.406 0.006
2943.81997 15.458 0.006
2947.82816 15.525 0.006
2954.77052 15.468 0.007
2956.81078 15.479 0.006
2958.85530 15.499 0.007
2963.74669 15.523 0.007
2966.76691 15.438 0.006
2968.73564 15.481 0.006
2971.79766 15.486 0.007
2974.82070 15.542 0.006
2976.68058 15.516 0.006
2979.66452 15.472 0.007
2981.68509 15.478 0.008
2983.81696 15.463 0.007
2985.78403 15.497 0.006
2987.74055 15.547 0.006
2989.68074 15.513 0.006
2991.75461 15.510 0.006
2993.76074 15.477 0.006
2995.83604 15.494 0.006
2997.80716 15.476 0.006
2998.75261 15.480 0.006
3000.76113 15.546 0.006
3002.75270 15.529 0.006
3004.74566 15.508 0.006
3006.73886 15.538 0.006
3008.69843 15.524 0.007
3010.79955 15.462 0.006
3012.80511 15.484 0.007
3016.74954 15.528 0.006
3018.78018 15.532 0.006
3020.84377 15.528 0.007
3021.86872 15.478 0.007
3023.73006 15.491 0.006
3025.73322 15.475 0.006
3027.75178 15.543 0.006
3029.73623 15.545 0.006
3031.80821 15.536 0.006
3034.63330 15.490 0.006
3036.66353 15.495 0.006
3039.60557 15.500 0.006
3041.68839 15.532 0.007
3042.71341 15.538 0.007
3044.65247 15.544 0.006
3046.63863 15.539 0.007
3048.67178 15.490 0.006
3050.66358 15.472 0.006
3052.66504 15.468 0.006
3054.67057 15.529 0.007
3056.65837 15.491 0.006
3058.65159 15.545 0.006
3060.70106 15.504 0.006
3066.58882 15.427 0.006
3068.61697 15.475 0.007
3071.51534 15.486 0.006
3073.70543 15.500 0.007
3076.62900 15.456 0.007
3079.63139 15.400 0.006
3082.69818 15.457 0.006
3085.60162 15.468 0.006
3088.55840 15.478 0.006
3091.56275 15.474 0.006
3096.60922 15.481 0.007
3100.52087 15.516 0.007
3102.64499 15.471 0.006
3106.56093 15.426 0.006
3109.54546 15.448 0.006
3113.56297 15.518 0.007
3127.52091 15.515 0.006
3133.53658 15.441 0.006
3230.91132 15.508 0.006
3242.88572 15.580 0.006
3249.85270 15.557 0.007
3260.84466 15.534 0.006
3264.88667 15.614 0.006
3271.83507 15.568 0.007
3274.83839 15.527 0.007
3279.79206 15.552 0.006
3282.85764 15.572 0.006
3295.80104 15.576 0.006
3297.79250 15.540 0.006
3299.86041 15.543 0.006
3301.87190 15.506 0.007
3305.76281 15.547 0.006
3307.78763 15.572 0.007
3309.82412 15.593 0.006
3311.81765 15.548 0.006
3315.85711 15.514 0.006
3321.72421 15.585 0.006
3324.83214 15.566 0.006
3327.83836 15.533 0.006
3333.82193 15.538 0.007
3336.66391 15.604 0.006
3339.84580 15.555 0.006
3353.74737 15.544 0.006
3357.77499 15.534 0.006
3360.75286 15.509 0.006
3363.82741 15.580 0.006
3370.78467 15.488 0.006
3376.73673 15.598 0.006
3378.76195 15.597 0.006
3387.75982 15.488 0.007
3394.64544 15.560 0.006
3396.67181 15.536 0.006
3399.79901 15.511 0.007
3402.70901 15.530 0.006
3409.55752 15.579 0.006
3413.55617 15.517 0.006
3413.60073 15.516 0.006
3418.54836 15.568 0.006
3426.54411 15.534 0.006
3432.52996 15.577 0.006
3439.50607 15.545 0.006
3447.53150 15.577 0.006
3457.50842 15.594 0.007
3594.92119 15.495 0.006
3603.86240 15.515 0.006
3619.91800 15.492 0.006
3620.89872 15.476 0.006
3630.80983 15.502 0.007
3637.74947 15.440 0.006
3640.80644 15.498 0.006
3651.83900 15.473 0.006
3654.88513 15.506 0.006
3658.85111 15.527 0.006
3660.84848 15.483 0.006
3664.85808 15.440 0.006
3666.85466 15.475 0.006
3668.84198 15.494 0.006
3672.83064 15.526 0.006
3676.71740 15.490 0.006
3685.78729 15.551 0.006
3688.72142 15.515 0.006
3690.79618 15.466 0.006
3693.69788 15.491 0.006
3695.86279 15.510 0.006
3699.75328 15.541 0.006
3701.80638 15.501 0.006
3703.80509 15.467 0.006
3706.68067 15.456 0.006
3711.71587 15.522 0.006
3713.80375 15.518 0.006
3715.78027 15.480 0.006
3718.74917 15.421 0.006
3722.64407 15.453 0.006
3726.72624 15.519 0.006
3727.86220 15.505 0.007
3728.78857 15.467 0.006
3730.75833 15.461 0.006
3732.83381 15.406 0.006
3734.82670 15.454 0.006
3735.67504 15.448 0.006
3737.83358 15.460 0.006
3739.85226 15.516 0.006
3741.59052 15.510 0.006
3743.76246 15.505 0.006
3746.80485 15.454 0.006
3748.78360 15.468 0.007
3750.79837 15.441 0.006
3753.67143 15.509 0.006
3755.75302 15.495 0.006
3757.77246 15.469 0.006
3760.75213 15.409 0.006
3763.70505 15.426 0.006
3766.72184 15.513 0.006
3770.74929 15.488 0.006
3774.62263 15.448 0.006
3777.58121 15.439 0.006
3779.70547 15.474 0.006
3781.74552 15.477 0.006
3786.59791 15.449 0.006
3793.54755 15.524 0.006
3801.53748 15.437 0.006
3811.53003 15.480 0.006
3828.49389 15.417 0.006
3958.91930 15.446 0.006
3965.87275 15.431 0.006
3970.89291 15.421 0.006
3982.84349 15.398 0.006
4002.85706 15.489 0.006
4004.87535 15.449 0.006
4006.78484 15.435 0.006
4008.80590 15.422 0.006
4013.81749 15.422 0.006
4019.82028 15.462 0.006
4024.81178 15.440 0.006
4026.88082 15.427 0.006
4029.82683 15.478 0.006
4032.86160 15.437 0.006
4039.69380 15.416 0.006
4041.76754 15.459 0.006
4043.77261 15.480 0.006
4046.86565 15.441 0.006
4049.73579 15.415 0.006
4052.79731 15.413 0.006
4054.78410 15.436 0.006
4056.84259 15.459 0.006
4059.73726 15.438 0.006
4064.85103 15.399 0.006
4066.80745 15.382 0.006
4068.84229 15.399 0.006
4070.76468 15.448 0.006
4074.80352 15.445 0.006
4077.85231 15.408 0.006
4080.73206 15.401 0.006
4083.71872 15.449 0.006
4085.78233 15.435 0.007
4095.64364 15.412 0.006
4103.77408 15.438 0.006
4112.77915 15.452 0.006
4117.76166 15.431 0.006
4121.77366 15.420 0.006
4126.75316 15.436 0.006
4129.78676 15.473 0.006
4143.56358 15.441 0.006
4157.56157 15.431 0.007
4169.51850 15.494 0.007
4199.48791 15.463 0.007
4343.88040 15.476 0.007
4348.85313 15.489 0.006
4353.88070 15.504 0.006
4358.83289 15.480 0.007
4363.84973 15.502 0.007
4367.83790 15.507 0.007
4371.78743 15.503 0.007
4378.72686 15.517 0.007
4381.76245 15.501 0.007
4386.87998 15.522 0.007
4390.84201 15.488 0.006
4395.70884 15.510 0.007
4399.86748 15.477 0.007
4408.72134 15.550 0.007
4412.80485 15.496 0.007
4427.75637 15.526 0.007
4430.75972 15.509 0.007
4433.77717 15.577 0.007
4437.70376 15.550 0.007
4440.72340 15.560 0.007
4443.84100 15.528 0.007
4449.78276 15.568 0.007
4451.81837 15.567 0.007
4455.78806 15.554 0.007
4458.76673 15.588 0.006
4462.76077 15.575 0.006
4464.80632 15.588 0.007
4467.77743 15.541 0.006
4472.69335 15.555 0.006
4476.78035 15.546 0.006
4480.73079 15.528 0.006
4484.81021 15.529 0.006
4488.73111 15.555 0.007
4492.75037 15.554 0.007
4497.75467 15.501 0.006
4500.62773 15.550 0.006
4502.73753 15.537 0.007
4507.74154 15.523 0.007
4509.69224 15.517 0.006
4512.74062 15.527 0.006
4518.68939 15.587 0.008
4521.72689 15.535 0.007
4524.62648 15.519 0.006
4530.65253 15.559 0.006
4533.61820 15.554 0.006
4538.63569 15.518 0.007
4542.54244 15.544 0.007
4545.62735 15.604 0.006
4551.51866 15.553 0.007
4558.57960 15.577 0.006
4565.53292 15.543 0.007
4573.53579 15.599 0.007
4588.50403 15.540 0.007
4618.47100 15.541 0.008
4685.91021 15.530 0.006
4699.87341 15.525 0.006
4709.82438 15.498 0.006
4720.87118 15.461 0.006
4725.81181 15.508 0.006
4729.79134 15.537 0.007
4734.88592 15.511 0.007
4740.80180 15.570 0.007
4749.71819 15.529 0.007
4753.87842 15.531 0.007
4757.85166 15.554 0.007
4760.87379 15.546 0.006
4766.67790 15.545 0.007
4769.78254 15.556 0.007
4775.83219 15.478 0.006
4777.84574 15.527 0.006
4782.69610 15.551 0.006
4786.74683 15.499 0.006
4789.70796 15.478 0.006
4792.82540 15.463 0.006
4795.77909 15.516 0.006
4798.73458 15.510 0.007
4799.76287 15.504 0.007
4801.69560 15.483 0.006
4803.71613 15.489 0.006
4806.68924 15.478 0.007
4808.75149 15.527 0.007
4810.82448 15.525 0.006
4813.79198 15.515 0.007
4815.77585 15.502 0.006
4817.77325 15.511 0.006
4819.78228 15.464 0.006
4822.76214 15.543 0.006
4824.78011 15.542 0.006
4831.62172 15.484 0.006
4834.80216 15.507 0.006
4836.77720 15.559 0.006
4838.78585 15.554 0.006
4841.82706 15.521 0.006
4843.82104 15.480 0.007
4846.81097 15.491 0.006
4850.78793 15.566 0.006
4852.79738 15.547 0.006
4854.79896 15.547 0.006
4856.80514 15.487 0.006
4857.78352 15.503 0.006
4861.76042 15.475 0.006
4867.74050 15.545 0.006
4869.69301 15.490 0.006
4871.70872 15.479 0.007
4874.64189 15.427 0.006
4876.68506 15.504 0.006
4878.72060 15.492 0.006
4880.63222 15.548 0.006
4885.70024 15.451 0.006
4890.56206 15.466 0.006
4900.66717 15.411 0.006
4903.60649 15.475 0.006
4914.57942 15.419 0.006
4918.57753 15.432 0.006
4924.59578 15.456 0.006
4928.58554 15.387 0.006
4930.59042 15.433 0.006
4933.55247 15.453 0.006
4937.55207 15.471 0.006
4941.56510 15.406 0.006
4946.56166 15.444 0.006
4950.54033 15.456 0.007
