2187.83173 17.816 0.025
2194.79678 17.773 0.019
2206.80518 17.686 0.022
2215.85040 17.888 0.023
2225.73139 17.800 0.023
2227.80590 17.720 0.018
2229.81183 17.853 0.023
2231.78023 17.908 0.025
2233.74836 17.810 0.019
2237.66795 17.757 0.023
2239.72874 17.947 0.021
2241.83712 17.830 0.021
2260.83616 17.783 0.022
2262.80109 17.898 0.019
2265.83503 17.860 0.023
2266.71941 17.745 0.019
2270.75104 18.074 0.023
2272.77299 17.727 0.022
2274.82830 17.687 0.021
2276.66671 17.744 0.022
2279.65776 17.677 0.017
2281.83300 17.745 0.017
2283.67718 17.856 0.018
2288.83294 17.806 0.023
2290.84107 17.716 0.022
2292.84930 17.611 0.026
2294.81739 17.718 0.029
2298.85407 17.718 0.022
2301.79487 17.812 0.031
2315.76814 17.673 0.019
2321.75826 17.628 0.022
2329.52847 17.664 0.027
2335.54537 17.825 0.026
2341.54420 17.727 0.019
2349.50328 17.768 0.025
2391.56521 17.747 0.031
2548.88495 17.804 0.023
2553.84558 17.776 0.026
2558.76598 17.744 0.021
2562.77920 17.836 0.023
2566.81380 17.770 0.034
2576.79556 17.698 0.023
2579.79427 17.732 0.021
2586.83367 17.678 0.018
2591.80163 17.735 0.018
2598.77885 18.113 0.030
2606.80806 17.844 0.027
2610.70587 17.692 0.026
2615.74234 17.669 0.018
2619.74865 17.896 0.022
2622.70129 17.693 0.022
2625.68605 17.713 0.021
2628.67840 17.652 0.021
2630.68941 17.723 0.022
2632.83692 17.830 0.022
2636.78683 17.627 0.019
2639.70320 17.745 0.019
2642.78094 17.836 0.035
2644.77692 17.669 0.018
2646.76540 17.621 0.018
2649.78776 17.668 0.019
2651.80812 17.689 0.019
2653.83539 17.712 0.026
2655.86524 17.957 0.027
2658.73800 17.821 0.039
2660.79929 17.777 0.023
2662.79751 17.659 0.029
2667.59428 17.645 0.017
2672.64020 17.711 0.025
2675.77879 17.665 0.017
2677.81400 17.682 0.027
2679.83253 17.768 0.027
2683.64682 17.702 0.023
2688.62603 17.685 0.023
2693.62060 17.688 0.017
2697.60361 18.108 0.030
2703.51170 17.777 0.025
2877.86993 17.768 0.022
2894.87342 17.773 0.021
2899.87512 17.759 0.019
2905.78279 18.059 0.029
2908.84129 17.839 0.023
2912.86419 17.738 0.017
2917.88017 17.702 0.018
2923.88245 17.811 0.022
2931.86312 18.050 0.027
2935.75663 17.668 0.022
2941.71702 17.757 0.018
2944.74809 17.861 0.022
2948.71140 17.671 0.022
2951.76671 17.691 0.021
2954.83873 17.746 0.026
2957.78603 17.925 0.026
2961.80977 17.678 0.023
2964.75718 17.663 0.025
2966.83637 17.665 0.014
2968.79754 17.778 0.018
2971.74586 17.661 0.025
2975.68778 17.729 0.021
2977.80906 17.688 0.019
2979.72819 17.697 0.027
2980.85175 17.716 0.023
2981.71788 17.879 0.043
2983.84968 18.008 0.029
2985.76145 17.676 0.017
2987.80426 17.631 0.022
2989.74498 17.731 0.018
2991.81762 17.903 0.021
2992.80616 17.678 0.018
2994.83018 17.746 0.018
2997.83972 17.698 0.019
3001.81968 17.805 0.021
3003.78808 17.701 0.018
3005.74944 17.694 0.017
3007.77183 17.819 0.019
3009.76577 17.865 0.021
3011.82029 17.764 0.030
3013.79170 17.704 0.025
3016.81360 17.699 0.021
3017.79924 17.930 0.023
3020.87678 17.782 0.039
3023.79186 17.755 0.018
3025.79478 17.915 0.018
3027.81544 17.839 0.023
3029.79811 17.740 0.019
3034.72896 17.706 0.017
3036.72500 17.772 0.019
3039.66696 17.715 0.021
3041.75642 17.857 0.027
3043.70262 17.881 0.037
3045.76523 17.791 0.026
3046.70044 17.945 0.029
3047.74444 17.721 0.019
3048.73337 17.840 0.021
3050.73052 17.746 0.019
3054.73281 17.819 0.021
3056.71970 18.001 0.022
3057.68600 17.794 0.018
3059.65951 17.872 0.019
3062.56149 17.796 0.021
3066.65019 17.836 0.021
3069.64549 17.905 0.022
3074.59197 17.804 0.022
3076.69616 17.779 0.023
3079.69650 17.764 0.018
3083.56654 17.806 0.030
3088.62237 17.798 0.023
3091.62624 17.726 0.019
3097.55207 17.720 0.026
3100.58784 17.755 0.023
3103.59805 18.011 0.027
3110.58222 17.675 0.026
3114.54077 17.798 0.023
3125.53188 17.662 0.027
3132.51128 17.837 0.034
3224.91951 17.766 0.022
3244.89371 17.798 0.022
3245.92438 17.731 0.023
3250.85472 17.722 0.023
3260.90661 17.714 0.022
3265.90456 17.728 0.019
3271.89674 17.704 0.019
3274.89981 17.783 0.026
3279.85335 17.664 0.018
3283.71497 17.774 0.017
3288.76153 17.725 0.018
3291.84237 17.680 0.017
3295.86259 17.754 0.014
3297.85382 17.662 0.014
3300.71823 17.718 0.021
3302.74068 17.632 0.025
3305.82417 17.701 0.017
3307.84902 17.719 0.026
3310.67548 17.670 0.022
3315.76690 17.621 0.017
3321.78623 17.774 0.019
3324.77649 17.886 0.029
3329.62632 17.702 0.034
3335.67210 17.847 0.031
3340.71780 17.898 0.019
3350.84801 17.900 0.018
3352.85882 17.780 0.022
3356.84739 17.799 0.018
3359.73984 17.722 0.015
3366.78023 17.879 0.022
3375.81786 17.718 0.018
3378.83067 17.788 0.021
3385.60396 17.868 0.023
3394.76849 17.815 0.023
3402.79977 17.906 0.022
3405.54434 18.073 0.026
3410.66070 17.911 0.018
3416.56765 17.809 0.021
3425.53382 17.701 0.022
3432.56356 17.730 0.014
3438.52258 17.694 0.018
3458.52377 17.712 0.022
3607.92184 17.692 0.019
3625.87565 17.695 0.019
3630.87250 17.646 0.021
3638.82370 17.679 0.018
3640.87348 17.698 0.021
3652.77815 17.870 0.019
3655.81714 17.794 0.017
3659.80092 17.669 0.021
3663.76429 17.734 0.021
3670.84115 17.883 0.023
3673.74607 17.892 0.022
3681.80505 17.876 0.023
3685.86429 17.816 0.021
3688.79618 17.777 0.018
3690.85727 17.737 0.021
3693.86484 17.804 0.030
3696.80139 17.862 0.019
3699.81416 17.895 0.018
3702.67490 17.868 0.021
3704.77186 17.931 0.017
3706.84559 17.806 0.019
3711.83418 17.740 0.017
3714.63580 17.774 0.018
3717.78507 17.959 0.023
3722.84026 17.851 0.022
3726.79221 17.760 0.018
3730.79087 17.860 0.018
3733.75654 17.965 0.019
3735.79947 17.851 0.018
3738.77224 18.105 0.027
3740.83583 17.780 0.018
3743.80809 17.917 0.025
3747.60233 17.708 0.021
3749.82239 17.750 0.033
3751.83766 17.862 0.027
3753.80166 17.734 0.019
3755.81452 17.610 0.021
3758.79646 17.762 0.026
3761.81135 17.794 0.019
3764.76286 18.030 0.021
3766.78290 17.747 0.021
3771.69229 17.680 0.017
3774.68377 17.781 0.018
3777.64335 17.802 0.019
3780.65242 17.908 0.030
3784.57639 17.680 0.022
3789.54261 17.665 0.017
3795.54468 17.761 0.023
3802.54301 17.638 0.019
3813.51571 17.723 0.019
3831.49178 17.704 0.021
3959.92435 17.910 0.027
3973.85937 17.686 0.018
3982.90610 17.763 0.018
3990.85068 17.764 0.019
4002.88880 17.663 0.014
4003.79552 17.770 0.015
4006.84501 17.957 0.022
4008.86583 17.768 0.015
4013.87790 17.792 0.021
4021.80165 17.784 0.019
4024.87219 17.886 0.021
4027.77658 17.920 0.021
4030.71110 17.841 0.022
4036.76575 17.712 0.015
4039.75387 17.737 0.017
4041.82761 17.709 0.017
4045.73434 17.937 0.033
4047.71272 17.821 0.029
4050.66811 17.835 0.019
4052.85718 17.732 0.017
4054.84419 17.739 0.019
4057.76930 17.746 0.022
4060.70870 17.763 0.015
4065.79278 17.778 0.015
4068.76278 17.800 0.015
4070.80853 17.700 0.018
4074.86379 17.855 0.030
4078.81523 17.705 0.018
4082.74621 17.790 0.018
4084.81633 17.857 0.023
4086.84142 17.776 0.022
4096.67604 17.729 0.017
4103.84031 17.782 0.021
4106.68716 17.773 0.023
4112.84382 17.719 0.018
4120.81089 17.745 0.014
4124.79666 17.738 0.017
4128.67472 17.790 0.019
4141.71274 17.741 0.019
4158.55154 17.704 0.021
4170.51010 17.796 0.022
4343.91247 17.676 0.022
4348.91365 17.715 0.022
4354.84164 17.721 0.023
4361.86896 17.683 0.033
4365.86258 17.888 0.030
4369.83402 17.734 0.026
4372.82204 17.733 0.019
4378.80567 17.826 0.021
4382.76307 17.735 0.022
4387.76500 17.785 0.021
4391.76642 17.840 0.022
4396.80281 17.783 0.023
4400.81084 17.799 0.027
4408.82242 17.750 0.025
4415.83211 17.898 0.021
4423.85218 17.796 0.022
4428.70723 17.901 0.031
4430.81993 17.782 0.023
4433.85098 17.905 0.027
4437.77849 17.673 0.022
4440.78352 17.728 0.022
4444.72862 17.789 0.027
4449.84320 17.752 0.021
4452.80562 17.721 0.022
4455.82052 17.665 0.019
4458.82773 17.636 0.019
4462.83321 17.752 0.022
4465.84476 17.657 0.021
4467.80976 17.817 0.019
4472.75787 18.006 0.021
4479.79272 17.677 0.019
4483.85469 17.715 0.023
4487.85084 17.743 0.031
4493.61914 18.069 0.031
4497.81214 17.694 0.021
4500.68507 17.686 0.017
4503.58792 17.786 0.022
4506.75419 17.847 0.031
4508.70895 17.798 0.022
4510.75256 17.687 0.022
4519.71966 18.043 0.031
4522.58190 17.840 0.025
4524.69083 17.952 0.026
4531.65217 17.727 0.021
4534.68176 17.776 0.022
4536.68280 17.746 0.022
4539.61772 17.757 0.021
4542.61914 17.826 0.023
4545.65965 18.122 0.033
4551.57902 17.833 0.022
4560.57007 17.796 0.022
4568.58947 17.819 0.026
4576.48841 17.835 0.034
4591.49937 17.715 0.025
4686.91753 17.768 0.017
4700.88557 17.760 0.021
4709.88769 17.869 0.022
4721.85083 17.807 0.019
4725.87203 17.766 0.021
4729.85650 17.743 0.018
4740.87041 17.911 0.025
4741.78438 17.719 0.018
4749.80487 17.740 0.022
4754.83345 17.739 0.025
4758.76793 17.778 0.021
4761.80269 17.904 0.019
4766.83572 17.835 0.022
4769.84248 17.819 0.023
4773.73467 17.751 0.018
4776.67567 17.727 0.027
4778.76397 17.658 0.019
4782.75615 17.875 0.019
4786.80710 17.666 0.022
4789.74048 17.736 0.018
4792.67106 17.810 0.025
4795.84162 17.791 0.019
4796.86145 17.646 0.022
4799.79521 17.680 0.019
4801.72783 17.676 0.015
4804.69635 17.645 0.022
4806.74941 17.734 0.018
4808.82942 17.871 0.022
4811.66862 17.747 0.023
4813.85209 17.855 0.033
4815.83619 17.753 0.027
4817.83924 17.638 0.018
4819.84854 17.697 0.019
4820.81900 17.732 0.018
4822.81055 17.675 0.014
4824.84012 17.734 0.018
4831.69685 17.797 0.019
4835.82243 17.672 0.017
4837.80906 17.792 0.027
4839.84420 17.861 0.021
4842.78842 17.779 0.023
4846.84316 17.746 0.018
4850.82010 17.794 0.019
4853.83452 17.691 0.018
4862.63101 17.769 0.018
4865.77128 17.919 0.027
4870.75371 17.873 0.033
4874.70377 17.697 0.025
4876.71717 17.855 0.021
4877.75816 17.767 0.021
4882.75303 17.706 0.023
4883.58004 17.850 0.019
4886.57304 17.915 0.021
4890.64717 17.699 0.017
4901.55966 17.746 0.023
4904.62696 17.863 0.023
4915.60576 17.829 0.025
4920.64128 17.974 0.022
4927.59670 17.719 0.026
4931.60397 17.763 0.027
4934.56759 17.683 0.019
4938.55553 17.847 0.027
4941.54512 17.879 0.023
4945.56197 17.707 0.021
4949.56014 17.750 0.017
4955.53723 17.635 0.018
