2167.86807 18.172 0.035
2186.84186 17.939 0.044
2190.82726 17.952 0.027
2192.87023 18.133 0.034
2193.79178 17.772 0.020
2202.79126 17.726 0.025
2214.83893 18.065 0.043
2224.79337 17.840 0.025
2227.70424 18.076 0.033
2229.70971 18.133 0.039
2231.67808 18.126 0.035
2233.64640 18.196 0.033
2236.65875 18.103 0.038
2239.62679 17.872 0.035
2241.71371 18.010 0.035
2243.76742 18.109 0.034
2247.84931 18.138 0.034
2248.85196 18.065 0.028
2250.78200 18.049 0.028
2252.69899 18.011 0.029
2254.69027 18.071 0.027
2257.69848 17.907 0.023
2260.70395 18.144 0.028
2263.73081 18.057 0.039
2264.70952 17.774 0.022
2266.69531 17.857 0.028
2270.76248 18.031 0.029
2271.84323 17.866 0.018
2272.74868 18.077 0.037
2274.74022 18.072 0.030
2276.80160 18.094 0.040
2278.66585 18.130 0.035
2280.74419 18.137 0.030
2282.74010 17.775 0.023
2284.81432 17.933 0.024
2289.80358 17.917 0.027
2292.82001 18.227 0.045
2294.78812 18.096 0.053
2296.80881 18.164 0.057
2298.80244 18.141 0.039
2300.78007 17.786 0.034
2302.75319 17.770 0.030
2304.79163 17.937 0.042
2315.67893 17.843 0.024
2324.53678 18.132 0.044
2328.52368 17.813 0.034
2334.51697 17.941 0.028
2364.50646 18.146 0.049
2385.52393 17.993 0.038
2529.86808 17.999 0.029
2539.86806 18.085 0.039
2545.83527 17.812 0.028
2552.89377 17.764 0.029
2556.88243 17.887 0.027
2560.79169 17.915 0.027
2561.79321 18.180 0.039
2565.79967 17.784 0.029
2574.74973 18.164 0.033
2578.81808 17.893 0.032
2586.74015 18.094 0.037
2590.78842 18.155 0.037
2596.79513 17.798 0.028
2605.83493 17.824 0.025
2609.79999 17.974 0.037
2614.77734 17.912 0.032
2618.80793 17.985 0.034
2621.73308 18.092 0.028
2624.65264 18.011 0.032
2627.76172 17.822 0.034
2629.78266 17.955 0.032
2632.68247 18.114 0.030
2635.78309 18.112 0.029
2638.70089 17.806 0.025
2640.79758 17.960 0.037
2642.75583 17.984 0.039
2644.75481 18.065 0.029
2646.71449 18.073 0.030
2650.76579 18.122 0.034
2652.86017 17.788 0.025
2654.78918 17.776 0.027
2656.69466 17.894 0.033
2658.65709 17.762 0.024
2660.67627 17.858 0.030
2662.69085 17.973 0.030
2664.66583 17.965 0.029
2666.73138 18.123 0.027
2668.72228 18.124 0.033
2672.81599 17.857 0.029
2674.72185 18.075 0.032
2676.71102 17.776 0.023
2678.78338 17.942 0.025
2680.67012 17.876 0.025
2682.71544 17.964 0.039
2687.60386 18.230 0.043
2692.60254 18.132 0.033
2696.59376 18.203 0.038
2701.58545 18.102 0.039
2708.51512 17.957 0.042
2715.51075 17.878 0.040
2870.92906 17.923 0.037
2890.86355 17.892 0.039
2895.89942 17.955 0.027
2900.86365 18.113 0.032
2911.84905 18.129 0.027
2917.76302 18.246 0.037
2922.88518 18.141 0.045
2926.81812 18.206 0.037
2931.74637 18.160 0.033
2934.78715 17.932 0.025
2940.76767 18.103 0.029
2943.77186 17.892 0.028
2947.78050 18.016 0.025
2949.87036 18.170 0.042
2950.69431 18.124 0.033
2954.71764 17.885 0.034
2956.76299 18.001 0.029
2958.80465 18.112 0.034
2962.80179 18.175 0.028
2965.82480 18.025 0.028
2968.69250 18.217 0.035
2973.76601 18.155 0.032
2976.63244 17.823 0.028
2978.83351 18.133 0.029
2980.74848 18.076 0.030
2982.75655 18.131 0.029
2984.78814 18.151 0.033
2987.66953 17.965 0.032
2989.62763 17.987 0.025
2991.69160 18.095 0.028
2993.71192 18.150 0.038
2995.78677 18.257 0.034
2997.75738 18.130 0.032
2999.65707 18.192 0.029
3000.70597 18.090 0.032
3002.69426 18.059 0.029
3004.69512 18.093 0.028
3006.63861 18.162 0.032
3008.79352 17.795 0.024
3010.71309 17.752 0.029
3011.76805 18.098 0.043
3015.78562 18.256 0.053
3017.77331 17.965 0.027
3019.72702 17.829 0.029
3021.82000 17.978 0.029
3023.68208 17.879 0.020
3025.65351 17.925 0.020
3027.69908 18.038 0.027
3029.68399 18.070 0.029
3031.75406 18.153 0.033
3033.81765 18.194 0.032
3036.61613 17.911 0.023
3039.55801 18.147 0.034
3041.66605 17.740 0.033
3043.67676 17.847 0.033
3045.73963 17.996 0.030
3047.69328 17.997 0.032
3048.62449 18.125 0.023
3050.64151 18.039 0.024
3052.64290 17.783 0.020
3054.64738 17.864 0.027
3056.63554 17.928 0.022
3058.62948 17.996 0.030
3060.67910 18.060 0.028
3066.52541 18.134 0.049
3068.56496 18.134 0.038
3070.63721 17.958 0.038
3073.65705 18.112 0.034
3076.58090 17.865 0.034
3078.66769 18.023 0.032
3082.64469 18.115 0.024
3085.54713 17.835 0.025
3088.51013 18.105 0.035
3090.65184 17.821 0.027
3093.53444 18.028 0.038
3098.64375 18.016 0.034
3102.61446 18.060 0.034
3105.62019 17.912 0.029
3108.59815 18.235 0.033
3111.54653 18.024 0.040
3129.48884 17.880 0.034
3134.50970 17.781 0.028
3216.90355 18.101 0.044
3242.83830 17.821 0.028
3248.89105 17.976 0.032
3264.83869 17.884 0.023
3270.90539 18.038 0.035
3274.79075 18.117 0.038
3278.84570 18.261 0.042
3282.82188 17.774 0.023
3287.79529 18.144 0.023
3295.75289 17.856 0.020
3297.74498 17.884 0.019
3299.80913 17.978 0.018
3301.80648 17.972 0.030
3304.87092 17.946 0.029
3307.74035 18.239 0.049
3309.77250 18.213 0.032
3311.77045 18.147 0.030
3320.81808 17.945 0.024
3327.78599 18.035 0.028
3330.74435 17.995 0.034
3334.84384 18.064 0.038
3339.79167 18.010 0.029
3353.83797 17.907 0.024
3357.62826 17.776 0.024
3360.66709 18.117 0.028
3363.77535 18.081 0.029
3369.85265 17.809 0.027
3375.78900 17.949 0.027
3378.71453 18.060 0.027
3387.70757 18.144 0.039
3394.59764 17.983 0.032
3396.64849 18.078 0.029
3399.75111 18.003 0.035
3403.73847 18.169 0.030
3408.62292 17.823 0.022
3413.57790 18.129 0.029
3417.59499 17.792 0.023
3425.60314 18.075 0.038
3431.59113 18.124 0.025
3437.56667 17.818 0.023
3446.53576 18.176 0.033
3456.49730 17.971 0.035
3474.48389 17.967 0.040
3603.92609 17.769 0.024
3619.86910 18.134 0.029
3633.84559 18.015 0.033
3639.81205 18.202 0.028
3644.84810 18.085 0.025
3651.79055 17.918 0.023
3654.83832 17.904 0.024
3658.80191 17.829 0.025
3660.82671 18.001 0.034
3665.82070 17.724 0.027
3670.79042 18.162 0.034
3673.80054 18.014 0.024
3676.80058 17.763 0.020
3684.85458 18.122 0.028
3687.82694 17.896 0.022
3690.74688 18.130 0.034
3693.78439 18.029 0.027
3695.81571 18.098 0.025
3698.80528 17.906 0.025
3700.82391 17.918 0.029
3703.75798 18.204 0.029
3705.82218 17.740 0.018
3708.80998 18.138 0.035
3712.76750 18.141 0.028
3714.83827 17.785 0.020
3717.73067 18.159 0.035
3720.81876 17.970 0.030
3724.73639 17.979 0.024
3727.81098 17.895 0.025
3728.77373 18.102 0.028
3731.77727 17.999 0.024
3732.76036 18.156 0.025
3735.61678 17.944 0.020
3737.78665 18.108 0.022
3740.74857 17.930 0.022
3742.75588 17.986 0.032
3745.79184 17.797 0.022
3747.79444 17.854 0.039
3748.76165 18.141 0.040
3750.77183 18.108 0.033
3752.78189 18.125 0.035
3754.79968 17.816 0.023
3757.58065 18.016 0.029
3759.78574 18.171 0.029
3763.65767 18.119 0.020
3766.61407 17.983 0.023
3770.70060 18.180 0.034
3773.73335 18.031 0.032
3776.70506 17.882 0.032
3779.65834 18.093 0.043
3783.57501 18.101 0.029
3788.54773 17.970 0.023
3792.58520 18.138 0.029
3800.56708 17.836 0.023
3810.52513 18.064 0.035
3824.49532 17.820 0.029
3964.91767 18.187 0.025
3970.84256 17.818 0.024
3981.91111 17.877 0.028
3990.89983 17.882 0.027
3998.90362 18.112 0.029
4003.71731 17.764 0.020
4005.89303 18.075 0.025
4006.73859 18.125 0.025
4008.75938 18.225 0.025
4013.75992 18.062 0.032
4018.89250 18.054 0.035
4024.75646 18.123 0.025
4026.83410 18.154 0.028
4029.77869 18.042 0.028
4032.80953 17.902 0.033
4038.76126 18.051 0.028
4041.72123 17.839 0.023
4043.72617 17.858 0.025
4046.81955 18.229 0.035
4049.68871 17.989 0.025
4052.75003 17.824 0.019
4054.73699 17.896 0.033
4056.79600 18.017 0.024
4058.84316 18.112 0.029
4063.72598 17.843 0.022
4065.84912 18.057 0.029
4067.69102 18.008 0.023
4070.71325 18.022 0.025
4074.78199 17.943 0.027
4077.83076 17.859 0.023
4080.70734 18.066 0.029
4084.63566 18.113 0.030
4086.79139 18.243 0.034
4093.83277 18.118 0.027
4105.85098 17.953 0.032
4111.77011 18.116 0.024
4117.71051 18.152 0.032
4121.68847 17.735 0.028
4124.77073 18.129 0.024
4132.72664 17.828 0.030
4142.74838 18.088 0.052
4156.58349 17.889 0.027
4168.54399 18.123 0.030
4198.49812 17.834 0.030
4343.83412 18.096 0.035
4347.90118 18.153 0.033
4353.83435 17.759 0.023
4358.78576 18.114 0.047
4363.82827 18.051 0.039
4367.78807 18.116 0.035
4370.82483 18.027 0.035
4373.82426 17.738 0.022
4377.84327 17.947 0.030
4380.88794 17.826 0.024
4386.83380 17.909 0.030
4390.79580 17.995 0.028
4394.81339 18.102 0.025
4399.76996 17.955 0.033
4407.73288 18.102 0.032
4412.75651 18.006 0.033
4418.84202 18.179 0.027
4422.73413 18.227 0.032
4427.70978 18.125 0.034
4430.71310 17.943 0.037
4433.73072 18.082 0.032
4436.81208 18.139 0.038
4440.67297 18.113 0.032
4443.76542 18.092 0.037
4449.72804 18.104 0.028
4451.76762 18.171 0.033
4452.74693 18.047 0.032
4455.73711 17.821 0.028
4457.76732 17.908 0.034
4459.73199 17.980 0.029
4462.70980 18.182 0.034
4464.78014 17.879 0.029
4467.75588 18.151 0.028
4471.81380 17.771 0.024
4472.64319 17.975 0.023
4476.69674 18.135 0.027
4480.80021 18.084 0.029
4483.78849 18.158 0.035
4486.81477 17.955 0.040
4492.67256 18.022 0.032
4497.73425 17.923 0.025
4500.57591 18.078 0.033
4502.71711 18.101 0.039
4507.72000 18.157 0.035
4509.67169 18.112 0.035
4521.66832 18.005 0.030
4523.65334 18.032 0.033
4525.61801 18.103 0.034
4531.59400 18.152 0.028
4533.59637 18.152 0.032
4537.64645 17.855 0.027
4539.56558 17.823 0.029
4541.64776 17.972 0.029
