2167.88646 18.318 0.030
2186.86049 18.794 0.065
2190.84586 18.886 0.040
2193.80979 18.372 0.023
2202.80916 18.791 0.036
2214.85686 18.683 0.054
2215.76237 18.770 0.047
2221.84060 18.913 0.058
2224.81051 18.603 0.032
2227.72136 18.914 0.045
2229.72710 18.471 0.039
2231.69535 18.739 0.036
2237.58304 18.918 0.068
2239.64406 18.654 0.038
2241.73573 18.826 0.042
2243.80073 18.829 0.045
2248.65980 19.040 0.046
2250.74779 18.637 0.032
2252.72104 18.949 0.042
2254.71211 18.314 0.023
2257.71612 18.989 0.040
2260.72429 18.596 0.031
2265.77044 18.655 0.043
2266.74146 18.814 0.035
2270.78707 18.595 0.030
2272.63662 18.786 0.040
2274.76396 18.318 0.031
2276.82188 18.863 0.056
2278.77873 18.847 0.051
2280.76148 18.603 0.034
2282.75871 18.983 0.041
2284.78006 18.340 0.025
2289.82115 18.416 0.026
2291.80720 18.848 0.047
2293.77608 18.964 0.055
2295.79996 18.550 0.030
2297.78599 18.925 0.046
2300.81102 18.594 0.047
2302.77228 19.037 0.066
2304.80972 18.371 0.043
2315.69601 18.441 0.029
2324.55699 18.959 0.043
2328.54258 18.817 0.051
2334.53575 18.955 0.047
2340.53238 18.865 0.054
2347.52967 18.575 0.036
2373.48479 18.669 0.055
2385.54790 18.915 0.060
2534.88056 18.928 0.059
2539.88774 18.888 0.049
2545.85658 18.925 0.050
2557.81582 18.400 0.035
2560.81033 18.967 0.045
2561.81391 18.934 0.051
2565.81695 19.023 0.059
2574.77919 18.771 0.041
2578.83558 18.612 0.034
2584.73139 18.593 0.041
2590.80741 18.958 0.052
2596.81384 18.976 0.059
2606.71039 18.924 0.043
2609.81893 18.717 0.056
2610.61754 18.777 0.045
2610.72241 18.744 0.063
2610.82968 18.973 0.066
2611.62989 18.855 0.057
2611.69711 18.818 0.063
2613.61112 18.926 0.071
2614.65436 18.631 0.041
2614.74039 18.713 0.047
2615.64319 18.764 0.057
2615.75941 18.915 0.045
2615.82298 18.854 0.038
2617.63051 18.916 0.067
2617.72626 18.780 0.047
2617.83470 18.366 0.035
2618.63657 18.815 0.045
2618.74205 18.363 0.028
2619.60514 18.462 0.031
2619.71188 18.589 0.027
2619.83625 18.681 0.035
2620.63503 18.740 0.039
2620.72026 18.762 0.035
2620.83697 18.891 0.041
2621.66047 18.855 0.035
2621.74474 18.963 0.040
2621.83793 18.864 0.038
2622.63502 18.988 0.066
2622.71646 18.860 0.045
2622.83639 18.436 0.028
2623.63377 18.980 0.060
2623.72186 18.331 0.028
2623.83317 18.591 0.031
2624.66434 18.630 0.037
2624.73548 18.649 0.032
2624.83022 18.719 0.033
2625.64935 18.702 0.041
2625.70124 18.755 0.037
2625.81137 18.900 0.037
2626.61818 18.917 0.054
2627.72592 18.846 0.064
2627.77898 19.018 0.069
2627.79980 18.933 0.068
2628.64276 18.887 0.054
2628.71976 18.345 0.032
2628.78697 18.473 0.039
2629.63842 18.452 0.035
2629.74679 18.613 0.040
2629.80578 18.730 0.038
2629.82652 18.766 0.045
2630.62629 18.632 0.049
2630.70588 18.772 0.040
2630.78620 18.805 0.052
2631.63783 19.062 0.061
2631.72062 18.774 0.054
2632.59377 18.993 0.044
2632.69986 18.908 0.036
2632.72057 18.910 0.037
2632.80109 19.050 0.045
2634.59256 18.339 0.027
2634.68259 18.564 0.028
2634.81579 18.767 0.036
2635.64281 18.671 0.033
2635.72007 18.691 0.029
2635.80041 18.756 0.035
2635.82301 18.944 0.050
2636.61783 18.882 0.048
2636.67063 18.890 0.040
2636.75104 18.994 0.049
2636.83075 18.887 0.045
2637.63269 19.030 0.043
2637.71127 18.900 0.040
2637.81439 18.994 0.041
2638.61397 18.969 0.045
2638.71487 18.326 0.026
2638.79356 18.445 0.041
2638.81433 18.535 0.038
2639.58705 18.319 0.023
2639.66739 18.497 0.023
2639.82337 18.662 0.026
2640.59601 18.582 0.032
2640.73798 18.830 0.038
2641.59614 18.812 0.037
2641.73244 18.931 0.042
2641.76176 18.885 0.038
2641.84330 18.940 0.043
2642.59422 18.888 0.046
2642.69607 18.823 0.044
2643.60116 18.778 0.041
2643.74478 18.308 0.025
2644.58382 18.269 0.025
2644.69428 18.533 0.031
2645.58453 18.593 0.030
2645.59432 18.596 0.029
2645.73635 18.774 0.039
2645.84271 18.894 0.049
2646.60510 18.754 0.039
2646.72868 18.949 0.041
2647.60372 18.997 0.045
2647.69272 19.032 0.045
2647.71348 18.956 0.040
2649.60090 18.354 0.023
2649.68869 18.494 0.023
2650.62102 18.663 0.034
2650.68254 18.679 0.034
2650.79238 18.871 0.043
2651.61703 18.845 0.050
2651.70774 18.870 0.037
2652.58392 18.950 0.045
2652.66287 19.011 0.049
2652.76037 18.970 0.046
2653.59167 18.824 0.037
2653.64655 19.010 0.049
2653.76065 18.293 0.026
2654.60963 18.346 0.029
2654.68743 18.429 0.032
2654.82806 18.693 0.036
2655.59605 18.597 0.039
2655.69770 18.617 0.031
2655.79502 18.832 0.041
2656.60746 18.748 0.042
2656.75255 18.871 0.045
2656.85376 18.902 0.056
2657.60987 19.019 0.046
2657.63804 18.885 0.048
2657.84643 18.917 0.061
2658.57144 18.989 0.059
2658.67093 19.037 0.050
2658.75190 18.210 0.040
2659.62862 18.371 0.027
2659.76461 18.579 0.050
2659.79184 18.568 0.048
2659.85623 18.630 0.063
2660.58413 18.562 0.037
2660.69827 18.771 0.042
2660.72494 18.760 0.039
2661.58920 18.756 0.025
2661.64222 18.783 0.027
2661.84218 18.944 0.053
2662.62790 18.953 0.038
2662.70809 18.899 0.041
2662.76353 18.836 0.045
2663.64251 18.890 0.046
2663.72662 18.709 0.050
2664.69020 18.492 0.036
2664.72348 18.589 0.046
2665.67307 18.649 0.026
2665.80936 18.871 0.045
2666.63051 18.758 0.029
2666.75014 18.880 0.034
2666.77734 18.946 0.036
2667.66727 18.958 0.039
2667.81810 18.814 0.058
2668.74095 18.666 0.035
2668.76888 18.303 0.031
2669.58122 18.516 0.030
2670.67433 18.605 0.052
2671.67318 18.769 0.037
2672.65437 19.079 0.077
2672.75280 19.050 0.046
2673.69070 19.009 0.058
2673.79808 18.336 0.033
2674.65927 18.359 0.026
2674.77649 18.565 0.035
2675.63399 18.572 0.032
2675.74480 18.697 0.029
2675.79592 18.749 0.035
2676.63975 18.764 0.036
2676.72482 18.912 0.043
2677.63194 18.910 0.048
2677.69666 18.948 0.045
2678.61782 18.950 0.040
2678.74949 18.783 0.039
2679.63831 18.287 0.029
2679.77422 18.577 0.033
2679.80157 18.581 0.045
2680.76025 18.697 0.031
2681.59717 18.725 0.044
2681.70858 18.923 0.048
2682.57459 18.852 0.049
2683.60972 18.803 0.047
2687.62237 19.001 0.063
2692.55564 18.809 0.035
2696.61252 18.821 0.041
2702.51035 18.758 0.056
2708.53424 18.977 0.053
2724.50889 18.987 0.047
2871.89759 18.663 0.040
2896.83476 18.550 0.042
2902.76937 18.665 0.034
2907.83017 18.731 0.032
2911.87796 18.555 0.024
2917.78150 18.624 0.031
2923.78088 18.854 0.045
2926.83675 18.443 0.028
2931.76524 18.308 0.023
2934.80565 18.892 0.040
2940.78610 18.829 0.041
2943.79026 18.828 0.040
2947.79884 18.592 0.029
2950.71277 18.931 0.049
2954.73603 18.980 0.060
2956.78162 18.329 0.024
2958.82623 18.816 0.048
2962.82048 18.600 0.032
2964.83890 18.868 0.031
2967.76945 18.469 0.030
2970.82343 18.964 0.033
2974.76144 18.907 0.036
2976.65095 18.935 0.046
2979.63434 18.715 0.046
2981.65572 18.821 0.074
2983.76249 18.690 0.038
2985.81021 18.903 0.038
2987.70896 18.372 0.030
2989.65164 18.792 0.031
2991.71954 18.889 0.033
2993.73160 18.623 0.035
2995.80516 18.954 0.039
2997.77574 18.459 0.026
2998.72326 18.586 0.029
3000.72580 18.848 0.034
3002.71315 18.252 0.024
3004.71659 18.770 0.033
3006.70951 18.874 0.034
3008.72396 18.614 0.032
3010.77039 18.928 0.057
3011.78673 18.960 0.055
3016.72038 18.907 0.045
3018.75077 18.549 0.031
3020.81454 18.942 0.045
3021.83845 18.919 0.049
3023.70045 18.480 0.025
3025.67205 18.806 0.025
3027.71750 18.619 0.024
3029.70238 18.692 0.031
3031.77271 18.830 0.047
3034.60406 18.607 0.023
3036.63442 18.952 0.033
3039.57632 18.553 0.033
3042.68385 19.004 0.055
3044.62327 18.659 0.037
3046.60923 18.989 0.042
3047.71157 19.012 0.061
3048.64272 18.316 0.021
3049.66625 18.662 0.025
3051.63555 18.951 0.044
3053.61074 18.402 0.023
3055.62780 18.758 0.035
3057.65293 18.699 0.032
3059.59757 18.533 0.023
3061.58988 18.862 0.040
3066.55941 18.915 0.056
3068.58724 18.955 0.050
3070.65764 18.737 0.044
3073.67584 18.358 0.033
3076.59962 18.923 0.050
3078.68617 18.359 0.032
3082.66789 18.926 0.034
3085.56840 18.620 0.032
3088.52866 18.922 0.059
3091.51100 18.732 0.045
3096.56002 18.856 0.061
3100.48761 18.540 0.048
3103.50927 18.988 0.050
3106.53055 18.722 0.036
3109.51611 18.795 0.036
3112.56792 18.964 0.042
3116.54963 18.783 0.042
3127.54675 18.828 0.045
3133.50720 19.035 0.065
3223.90554 18.441 0.038
3242.85647 18.922 0.048
3248.91046 18.979 0.051
3258.89122 18.946 0.036
3264.85752 18.289 0.019
3271.80528 18.609 0.044
3274.80924 18.758 0.046
3278.88226 18.817 0.045
3282.76427 18.862 0.034
3287.81343 18.880 0.029
3291.75071 18.772 0.034
3295.77120 18.325 0.017
3299.83138 18.985 0.027
3301.82474 18.897 0.048
3305.73378 18.349 0.026
3307.75864 18.920 0.066
3309.79504 18.918 0.033
3311.78867 18.579 0.029
3320.85213 18.437 0.023
3323.76613 18.989 0.046
3327.80457 18.708 0.030
3330.78063 18.355 0.027
3336.63303 18.327 0.032
3339.81152 18.861 0.043
3350.74906 19.072 0.037
3353.80523 19.006 0.031
3357.74589 18.717 0.029
3360.72264 18.969 0.031
3365.84204 18.303 0.026
3373.80613 18.924 0.050
3378.73290 18.845 0.032
3387.73058 18.683 0.046
3394.61603 18.853 0.047
3399.76975 18.943 0.053
3403.75681 18.818 0.036
3408.67997 18.629 0.027
3413.52630 18.436 0.032
3417.62018 18.287 0.023
3427.54278 18.957 0.050
3434.50799 18.664 0.036
3440.51768 18.910 0.041
3447.50128 18.942 0.064
3456.52685 18.927 0.052
3469.48169 18.520 0.030
3478.47416 18.934 0.051
3579.93238 18.771 0.048
3601.88465 18.954 0.050
3619.88744 18.781 0.034
3630.76882 18.813 0.059
3634.86774 18.617 0.032
3640.77621 18.782 0.035
3651.81013 18.831 0.034
3654.85636 18.564 0.025
3658.82003 18.901 0.040
3661.86576 18.821 0.047
3665.83898 18.652 0.036
3670.80861 18.650 0.032
3673.81888 18.958 0.031
3676.81902 18.742 0.029
3685.75840 18.590 0.026
3687.84514 18.960 0.033
3690.76709 18.461 0.032
3693.80273 18.853 0.033
3695.83385 18.624 0.027
3698.82350 18.863 0.033
3701.69246 18.674 0.030
3703.77621 18.910 0.032
3705.84043 18.649 0.025
3708.82816 18.838 0.039
3712.78570 18.944 0.035
3715.75136 18.478 0.025
3718.68720 18.932 0.051
3720.83697 18.577 0.036
3724.75459 18.988 0.037
3728.73264 18.920 0.039
3731.79570 18.743 0.029
3733.65630 18.990 0.034
3735.64631 18.636 0.023
3737.80482 18.898 0.027
3740.76813 18.408 0.023
3742.77424 18.889 0.055
3745.81073 18.531 0.029
3747.81345 18.994 0.069
3749.76076 18.865 0.064
3751.77457 18.664 0.038
3753.72398 18.933 0.039
3755.72407 18.300 0.031
3757.71377 18.744 0.029
3759.80409 18.945 0.038
3763.67606 18.919 0.028
3766.69267 18.562 0.031
3770.72021 18.437 0.028
3773.75145 19.009 0.051
3776.72583 18.487 0.037
3783.59306 18.739 0.035
3788.56725 18.719 0.026
3793.57277 18.727 0.031
3801.50854 18.907 0.041
3810.54335 18.964 0.049
3826.48415 18.974 0.058
3958.87434 18.939 0.069
3965.84418 18.972 0.037
3970.86427 18.926 0.038
3982.81509 18.355 0.034
3993.76780 18.630 0.040
3999.85933 18.942 0.041
4003.73524 18.537 0.024
4006.75643 19.192 0.044
4008.77735 18.485 0.023
4013.78895 18.608 0.036
4026.85218 18.916 0.041
4029.79655 18.755 0.041
4032.83314 18.799 0.048
4038.77922 18.484 0.030
4041.73912 18.925 0.041
4043.74415 18.354 0.029
4046.83730 19.128 0.057
4049.70739 18.560 0.027
4052.76876 18.895 0.036
4054.75492 18.652 0.031
4056.81404 18.919 0.034
4058.86117 18.670 0.039
4064.77647 18.596 0.021
4066.77645 19.029 0.039
4069.72952 18.580 0.038
4071.65747 18.932 0.048
4076.72968 18.864 0.044
4079.77119 18.688 0.037
4082.81277 18.900 0.041
4084.78432 18.625 0.032
4086.80935 18.991 0.049
4093.86216 18.313 0.029
4103.63396 18.892 0.043
4106.56581 18.692 0.037
4111.78810 18.889 0.033
4117.72874 19.061 0.044
4121.70666 18.948 0.051
4127.65728 18.939 0.031
4132.74623 18.803 0.047
4143.53340 18.860 0.038
4157.52561 18.656 0.040
4168.56632 18.897 0.034
4198.51892 18.733 0.051
4343.85185 18.857 0.049
4348.82074 18.849 0.038
4353.85213 18.814 0.036
4358.80420 18.842 0.063
4364.89057 19.011 0.051
4367.86441 18.624 0.033
4370.88604 18.925 0.052
4373.84209 18.798 0.034
4377.89396 18.721 0.044
4381.73370 18.969 0.053
4386.85159 18.300 0.026
4390.81360 18.990 0.042
4394.86018 18.936 0.034
4399.78791 18.856 0.051
4407.81719 18.460 0.038
4412.77537 18.364 0.029
4418.86103 18.795 0.037
4423.72571 18.532 0.029
4427.72780 18.412 0.028
4430.73111 18.882 0.048
4433.74864 18.614 0.035
4436.84335 19.000 0.065
4440.69086 18.868 0.040
4443.78334 18.613 0.036
4449.75429 18.754 0.038
4451.78988 18.890 0.041
4455.75527 18.880 0.051
4457.78647 18.367 0.034
4459.75371 18.695 0.033
4463.75044 18.487 0.025
4465.76720 18.891 0.035
4468.73146 18.476 0.024
4470.68699 18.785 0.042
4473.73014 18.410 0.030
4476.75107 18.952 0.033
4482.79194 18.908 0.047
4485.78231 19.008 0.059
4490.62952 18.713 0.036
4494.69559 18.598 0.038
4498.72042 18.300 0.023
4501.71776 18.977 0.048
4506.65174 18.851 0.043
4508.67862 18.762 0.039
4509.74274 18.523 0.029
4512.71176 18.805 0.045
4518.65197 18.955 0.063
4521.69249 18.801 0.045
4523.67151 18.958 0.049
4525.63613 18.596 0.029
4531.61985 18.839 0.036
4534.54870 18.902 0.045
4537.66446 18.998 0.044
4539.58371 18.650 0.035
4542.50112 18.736 0.057
