2187.82451 17.711 0.023
2194.79015 17.587 0.018
2206.79858 17.629 0.023
2215.84381 17.742 0.021
2222.84179 17.788 0.023
2225.72480 17.621 0.018
2227.79930 17.745 0.018
2229.80523 17.856 0.025
2231.77363 17.857 0.023
2233.74174 17.806 0.021
2237.66134 17.561 0.021
2239.72215 17.722 0.019
2241.83054 17.857 0.021
2244.69355 17.651 0.022
2249.80584 17.722 0.019
2251.65832 17.731 0.021
2253.82464 17.766 0.019
2257.84268 17.639 0.014
2260.82957 17.645 0.019
2262.78413 17.610 0.017
2265.82846 17.707 0.019
2266.71282 17.684 0.019
2270.74443 17.782 0.019
2272.76643 17.686 0.021
2274.82171 17.652 0.022
2276.66013 17.598 0.023
2279.65116 17.832 0.018
2281.82640 17.686 0.017
2283.67059 17.636 0.017
2288.82633 17.739 0.019
2290.83447 17.880 0.026
2292.84269 17.863 0.027
2294.81080 17.695 0.027
2298.84746 17.732 0.023
2301.78648 17.478 0.022
2303.77767 17.579 0.023
2321.75104 17.866 0.026
2329.52122 17.690 0.030
2335.53809 17.763 0.026
2341.53692 17.610 0.019
2349.49599 17.903 0.032
2391.55786 17.741 0.030
2548.87472 17.815 0.026
2553.83837 17.810 0.025
2558.75874 17.718 0.022
2562.77025 17.843 0.023
2576.78895 17.690 0.022
2579.78767 17.842 0.022
2586.82376 17.700 0.019
2591.79445 17.833 0.021
2598.77171 17.729 0.022
2606.80090 17.863 0.021
2610.69870 17.859 0.029
2615.73529 17.888 0.022
2619.74163 17.658 0.017
2622.69424 17.739 0.023
2625.67896 17.852 0.022
2628.67183 17.741 0.022
2630.68285 17.784 0.021
2632.83033 17.619 0.018
2636.78025 17.694 0.019
2639.69660 17.739 0.018
2642.77436 17.866 0.026
2644.76986 17.659 0.018
2646.75836 17.664 0.019
2649.77630 17.689 0.019
2651.80107 17.642 0.017
2653.82880 17.745 0.023
2655.85445 17.798 0.022
2658.73138 17.586 0.027
2660.79272 17.794 0.023
2662.79088 17.830 0.022
2664.78254 17.891 0.032
2667.58769 17.669 0.019
2672.63359 17.647 0.022
2675.77217 17.633 0.016
2677.80736 17.812 0.031
2679.82589 17.902 0.029
2683.63970 17.890 0.026
2688.61888 17.831 0.022
2693.61350 17.759 0.018
2697.59648 17.719 0.022
2703.50456 17.666 0.031
2709.54912 17.717 0.021
2727.49831 17.798 0.026
2877.86275 17.708 0.021
2885.91653 17.646 0.018
2894.86627 17.716 0.019
2899.86799 17.675 0.018
2905.77567 17.890 0.025
2908.83418 17.837 0.023
2912.85708 17.608 0.016
2917.87304 17.683 0.017
2923.87535 17.801 0.022
2927.77720 17.814 0.026
2931.85602 17.660 0.019
2935.74953 17.679 0.021
2941.70996 17.866 0.021
2944.74101 17.780 0.022
2948.70429 17.800 0.025
2951.75966 17.863 0.023
2954.82688 17.796 0.027
2957.77901 17.687 0.022
2964.75013 17.725 0.026
2966.82934 17.857 0.017
2968.79048 17.844 0.019
2971.73886 17.811 0.021
2975.68072 17.888 0.025
2977.80206 17.613 0.018
2979.72115 17.654 0.018
2980.84467 17.585 0.022
2981.71081 17.723 0.038
2983.84265 17.851 0.023
2985.75443 17.862 0.019
2987.79722 17.620 0.022
2989.73796 17.630 0.016
2991.81062 17.733 0.019
2992.79916 17.713 0.018
2994.82317 17.672 0.017
2997.83268 17.737 0.019
2999.81321 17.650 0.026
3001.81264 17.674 0.017
3003.78106 17.717 0.019
3005.74240 17.751 0.019
3007.76482 17.863 0.019
3009.75874 17.752 0.019
3011.81328 17.608 0.023
3013.78470 17.665 0.019
3016.80655 17.596 0.018
3017.79221 17.829 0.022
3019.74593 17.848 0.019
3020.86974 17.747 0.027
3023.78480 17.632 0.017
3025.78773 17.737 0.016
3027.80840 17.843 0.023
3029.79108 17.827 0.021
3032.63982 17.711 0.019
3034.72188 17.853 0.018
3036.71792 17.837 0.021
3039.65986 17.753 0.022
3041.74936 17.864 0.027
3043.69553 17.863 0.027
3045.75816 17.618 0.021
3046.69336 17.818 0.025
3047.73736 17.668 0.018
3048.72629 17.866 0.021
3050.72344 17.634 0.017
3052.71952 17.632 0.016
3054.72571 17.678 0.019
3057.67890 17.651 0.017
3059.65238 17.633 0.017
3062.55435 17.864 0.023
3066.64307 17.660 0.018
3069.63838 17.638 0.017
3071.57154 17.598 0.023
3074.58483 17.783 0.022
3076.68903 17.642 0.019
3079.68931 17.606 0.017
3083.55937 17.635 0.022
3085.65731 17.816 0.022
3088.61515 17.665 0.019
3091.61905 17.579 0.018
3097.54312 17.715 0.023
3100.58061 17.621 0.022
3103.59085 17.569 0.022
3106.61748 17.847 0.023
3109.60067 17.810 0.022
3110.57501 17.613 0.022
3114.53355 17.750 0.021
3125.52464 17.854 0.030
3132.50403 17.725 0.029
3224.91230 17.902 0.025
3244.88652 17.775 0.023
3245.91721 17.702 0.021
3250.84755 17.730 0.018
3260.89946 17.712 0.019
3265.89747 17.887 0.021
3271.88959 17.743 0.019
3274.89269 17.632 0.021
3279.84624 17.535 0.018
3283.70786 17.608 0.014
3295.85550 17.770 0.016
3297.84672 17.755 0.017
3300.71120 17.704 0.021
3302.73362 17.763 0.025
3305.81710 17.696 0.018
3307.84195 17.769 0.029
3310.65967 17.719 0.022
3310.66841 17.681 0.022
3315.75984 17.638 0.018
3321.77920 17.840 0.018
3324.76945 17.733 0.022
3329.61929 17.611 0.019
3340.71072 17.875 0.019
3350.84095 17.877 0.017
3352.85178 17.575 0.014
3356.84037 17.724 0.016
3359.73280 17.649 0.016
3366.77316 17.672 0.021
3375.81084 17.772 0.019
3378.82361 17.657 0.018
3384.74174 17.811 0.018
3388.76335 17.508 0.017
3394.76146 17.861 0.023
3402.79271 17.753 0.019
3405.53727 17.884 0.021
3410.65368 17.770 0.017
3416.56061 17.725 0.021
3425.52676 17.741 0.022
3432.55649 17.798 0.016
3438.51551 17.647 0.019
3448.54726 17.572 0.019
3458.51663 17.648 0.019
3607.91474 17.729 0.017
3625.86857 17.904 0.026
3630.86543 17.902 0.026
3637.81645 17.833 0.022
3640.86644 17.826 0.019
3652.77069 17.835 0.022
3655.81013 17.763 0.017
3659.79391 17.862 0.026
3660.87674 17.784 0.023
3663.75729 17.572 0.018
3670.83415 17.703 0.019
3673.73030 17.747 0.019
3681.79806 17.869 0.023
3685.85733 17.629 0.017
3688.78922 17.907 0.021
3690.85031 17.695 0.025
3693.85786 17.854 0.022
3696.79443 17.812 0.018
3699.80720 17.696 0.016
3701.86226 17.827 0.026
3704.76488 17.651 0.016
3706.83863 17.834 0.019
3711.82721 17.773 0.017
3713.85780 17.932 0.029
3717.77809 17.845 0.022
3722.83326 17.713 0.019
3726.78521 17.672 0.018
3730.78392 17.745 0.018
3733.74956 17.713 0.016
3735.79250 17.756 0.017
3738.76529 17.692 0.018
3740.82885 17.814 0.022
3743.78873 17.676 0.018
3747.59537 17.675 0.021
3749.81542 17.979 0.035
3751.83068 17.657 0.025
3753.79468 17.630 0.018
3755.80751 17.712 0.021
3758.78945 17.562 0.023
3761.80435 17.880 0.019
3764.75583 17.779 0.017
3766.77591 17.933 0.027
3771.68526 17.862 0.018
3774.67672 17.684 0.018
3777.63635 17.537 0.016
3780.64536 17.954 0.027
3784.56936 17.631 0.021
3789.53554 17.705 0.017
3795.53763 17.741 0.021
3802.53594 17.819 0.022
3813.50860 17.658 0.019
3831.48464 17.792 0.025
3959.90892 17.885 0.029
3966.84305 17.771 0.019
3973.85237 17.879 0.023
3982.89912 17.640 0.018
3990.84371 17.870 0.021
4002.88184 17.759 0.016
4003.78855 17.713 0.016
4006.83805 17.632 0.016
4008.85885 17.734 0.016
4013.87097 17.733 0.021
4019.88784 17.745 0.019
4024.86529 17.903 0.021
4027.76966 17.786 0.019
4036.75885 17.855 0.016
4039.74694 17.806 0.019
4041.82072 17.846 0.019
4045.72744 17.739 0.029
4047.70371 17.634 0.025
4050.66126 17.895 0.021
4052.85030 17.695 0.017
4054.83730 17.779 0.019
4057.76241 17.632 0.019
4060.70180 17.870 0.018
4065.78589 17.833 0.017
4068.75595 17.858 0.016
4070.80166 17.896 0.021
4074.85691 17.710 0.023
4078.80834 17.850 0.022
4082.73933 17.890 0.022
4084.80943 17.560 0.019
4086.83458 17.706 0.022
4096.66917 17.776 0.019
4103.83341 17.658 0.022
4106.68027 17.894 0.023
4112.83692 17.751 0.021
4120.80400 17.673 0.016
4124.78977 17.784 0.016
4128.66781 17.900 0.023
4141.70580 17.761 0.019
4158.54454 17.666 0.019
4170.50312 17.669 0.023
4343.90544 17.834 0.023
4348.90661 17.800 0.021
4354.83462 17.674 0.022
4361.86196 17.665 0.026
4365.85560 17.840 0.029
4369.82706 17.744 0.027
4372.81507 17.869 0.022
4378.79870 17.610 0.017
4382.75613 17.806 0.022
4387.75804 17.754 0.017
4391.75945 17.838 0.021
4396.79590 17.851 0.025
4400.80392 17.622 0.026
4408.81550 17.809 0.025
4415.82523 17.696 0.018
4423.84529 17.844 0.023
4428.70034 17.716 0.026
4430.81307 17.882 0.025
4433.84407 17.825 0.023
4437.77160 17.795 0.027
4440.77664 17.883 0.022
4444.72173 17.714 0.025
4449.83631 17.561 0.019
4452.79877 17.921 0.026
4455.81365 17.815 0.021
4458.82085 17.708 0.021
4462.82630 17.851 0.023
4465.83787 17.757 0.022
4467.80288 17.801 0.018
4472.75100 17.747 0.017
4479.78579 17.762 0.019
4483.84777 17.635 0.022
4487.84391 17.724 0.029
4493.60422 17.797 0.022
4497.80556 17.639 0.019
4500.67848 17.888 0.021
4502.78815 17.634 0.026
4506.74761 17.772 0.027
4508.70238 17.836 0.023
4510.74561 17.922 0.025
4519.71271 17.624 0.022
4522.57495 17.813 0.025
4524.68387 17.663 0.021
4525.72502 17.829 0.021
4531.64520 17.657 0.017
4534.67475 17.879 0.021
4536.67580 17.662 0.019
4539.60911 17.813 0.022
4542.61213 17.715 0.022
