2171.88583 18.161 0.030
2184.84473 18.135 0.033
2191.81558 18.134 0.021
2200.82520 18.145 0.023
2206.76135 18.169 0.034
2223.74845 18.176 0.027
2226.72401 18.150 0.030
2228.76769 18.113 0.027
2230.67945 18.147 0.033
2232.70122 18.134 0.023
2234.69428 18.154 0.024
2238.63884 18.060 0.024
2240.77393 18.135 0.028
2242.77576 18.185 0.038
2244.82654 18.161 0.038
2249.69891 18.166 0.025
2251.84464 18.144 0.033
2253.68490 18.152 0.024
2256.68995 18.122 0.025
2259.68192 18.121 0.020
2262.69205 18.109 0.027
2269.74832 18.199 0.030
2273.64345 18.208 0.030
2277.71504 18.098 0.021
2279.72441 18.144 0.027
2281.71651 18.113 0.020
2288.73084 18.027 0.021
2290.76562 18.134 0.025
2292.74046 18.188 0.034
2294.71249 18.244 0.045
2296.72969 18.189 0.036
2298.68580 18.178 0.030
2300.69778 18.068 0.038
2302.67369 18.200 0.034
2304.69566 18.119 0.033
2316.55808 18.205 0.032
2322.59168 18.178 0.028
2325.59810 18.195 0.034
2331.53458 18.126 0.033
2337.55715 18.086 0.028
2345.51695 18.116 0.032
2350.51906 18.182 0.034
2365.53632 18.157 0.041
2519.91220 16.872 0.013
2526.89040 18.123 0.021
2541.88468 18.100 0.022
2544.81141 18.143 0.029
2551.81132 18.155 0.028
2555.80631 18.149 0.029
2559.71930 18.234 0.030
2563.79317 18.195 0.034
2571.84931 18.118 0.036
2577.78780 18.110 0.028
2580.81655 18.102 0.022
2588.85728 18.185 0.025
2594.73380 18.090 0.038
2599.76500 18.160 0.029
2607.72944 18.162 0.024
2617.72106 18.094 0.032
2620.68574 18.145 0.030
2622.83218 18.169 0.028
2624.82595 18.130 0.023
2625.80719 18.106 0.025
2628.61117 18.104 0.034
2631.60948 18.169 0.032
2634.58821 18.215 0.027
2637.62639 18.119 0.020
2640.67241 18.065 0.031
2642.66458 18.129 0.030
2644.66147 18.179 0.030
2646.64913 18.149 0.031
2650.61620 18.096 0.025
2652.62761 18.087 0.025
2654.73971 18.152 0.032
2657.68698 18.187 0.032
2659.76019 18.228 0.044
2661.75945 18.165 0.029
2663.68633 18.090 0.036
2665.72957 18.095 0.022
2667.66010 18.099 0.025
2671.63770 18.165 0.023
2673.63654 18.139 0.027
2677.62750 18.145 0.032
2679.69073 18.177 0.034
2681.67797 18.180 0.032
2685.62500 18.122 0.031
2690.57865 18.121 0.030
2694.56954 18.153 0.027
2699.56884 18.133 0.032
2705.54255 18.208 0.028
2711.56919 18.137 0.031
2732.50593 18.100 0.039
2872.87424 18.129 0.030
2883.88770 18.104 0.023
2892.85286 18.085 0.032
2896.82733 18.133 0.031
2905.90448 18.105 0.037
2910.81946 18.086 0.021
2915.82028 18.129 0.020
2921.82250 18.191 0.031
2925.76583 18.209 0.032
2929.79451 18.153 0.027
2929.79900 18.150 0.027
2932.87672 18.096 0.027
2939.75560 18.154 0.029
2942.73379 18.137 0.028
2949.73791 18.122 0.024
2952.72896 18.134 0.032
2955.79054 18.088 0.037
2957.72314 18.096 0.025
2963.73088 18.154 0.032
2966.69780 18.110 0.027
2968.86151 18.181 0.036
2972.84896 18.142 0.023
2975.67086 18.107 0.029
2977.74163 18.142 0.031
2979.79369 18.132 0.025
2981.80111 18.077 0.038
2983.70182 18.098 0.028
2986.68407 18.127 0.024
2988.64879 18.123 0.028
2990.78245 18.136 0.029
2992.66695 18.132 0.027
2994.76324 18.175 0.024
2996.63923 18.127 0.021
2998.62079 18.146 0.025
3000.63887 18.169 0.027
3002.62359 18.087 0.025
3004.62647 18.120 0.023
3006.67552 18.068 0.021
3008.62655 18.143 0.036
3010.64680 18.102 0.027
3012.74218 18.099 0.034
3016.66080 18.116 0.024
3018.64621 18.134 0.027
3020.68722 18.122 0.033
3022.75282 18.152 0.022
3024.70120 18.168 0.023
3026.67025 18.117 0.021
3028.67576 18.116 0.021
3030.71107 18.096 0.021
3033.63152 18.070 0.020
3035.63928 18.097 0.022
3038.62280 18.148 0.038
3041.54579 18.122 0.031
3043.57527 18.247 0.042
3045.61435 18.119 0.023
3047.56882 18.165 0.029
3049.57376 18.190 0.027
3051.56598 18.119 0.025
3053.56236 18.101 0.023
3055.56105 18.040 0.028
3057.56024 18.061 0.023
3059.55884 18.120 0.023
3061.55310 18.125 0.028
3064.57599 18.202 0.035
3067.56385 18.105 0.029
3069.54886 18.094 0.027
3072.54713 18.145 0.027
3075.54770 18.098 0.030
3077.63239 18.088 0.028
3081.62386 18.069 0.022
3084.53070 18.107 0.024
3086.56969 18.155 0.033
3089.55453 18.084 0.029
3092.53977 18.110 0.038
3098.54073 18.160 0.031
3101.50468 18.102 0.034
3103.50146 18.034 0.029
3109.50356 18.168 0.027
3113.49166 18.195 0.042
3123.52459 18.142 0.038
3133.49818 18.100 0.035
3230.89717 18.141 0.024
3238.88076 18.150 0.029
3246.91253 18.108 0.029
3254.90062 18.150 0.022
3262.87511 18.102 0.021
3268.79842 18.151 0.021
3276.84010 18.093 0.029
3281.75331 18.164 0.021
3283.85312 18.190 0.022
3289.76666 18.123 0.020
3296.72055 18.094 0.019
3298.80063 18.026 0.022
3300.85659 18.074 0.022
3303.76381 18.125 0.038
3306.76531 18.132 0.025
3308.78199 18.165 0.029
3310.81435 18.141 0.025
3314.73568 18.115 0.027
3321.65616 18.108 0.023
3325.71793 18.082 0.022
3329.75054 18.129 0.018
3334.64677 18.204 0.039
3338.70017 18.149 0.022
3349.67757 18.086 0.022
3352.84409 18.110 0.016
3359.63862 18.160 0.023
3366.70055 18.160 0.023
3377.65713 18.122 0.020
3380.60509 18.170 0.025
3386.67155 18.077 0.018
3390.77663 18.083 0.027
3395.78057 18.145 0.038
3398.65385 18.085 0.032
3400.63351 18.094 0.034
3403.64307 18.157 0.028
3406.57690 18.128 0.021
3410.59494 18.125 0.020
3415.61729 18.125 0.023
3424.57992 18.059 0.029
3429.59483 18.175 0.027
3434.58420 18.111 0.023
3444.52067 18.087 0.028
3451.49964 18.169 0.031
3591.93142 17.999 0.019
3608.92385 18.097 0.024
3615.91760 18.039 0.024
3633.79035 18.023 0.028
3638.81957 18.069 0.024
3641.78968 18.063 0.022
3646.85714 18.151 0.030
3653.78756 18.112 0.022
3656.83992 18.097 0.021
3661.77538 18.060 0.028
3665.77858 18.094 0.027
3671.74462 18.151 0.025
3674.86672 18.102 0.023
3683.78257 18.108 0.021
3686.83044 18.063 0.018
3692.66842 18.092 0.025
3695.73245 18.204 0.024
3698.69015 18.183 0.027
3700.72951 18.142 0.019
3702.81712 18.124 0.019
3705.72391 18.108 0.020
3707.69898 18.115 0.025
3712.85414 18.090 0.029
3715.85199 18.051 0.023
3718.65367 18.121 0.029
3721.63684 18.172 0.027
3725.70405 18.122 0.027
3727.64839 18.089 0.023
3731.67877 18.096 0.018
3736.65968 18.109 0.020
3739.66301 18.057 0.022
3741.67805 18.067 0.033
3745.60883 18.164 0.025
3747.72187 18.083 0.037
3749.60461 18.150 0.041
3751.70878 18.079 0.024
3754.57054 18.100 0.023
3756.73669 18.088 0.029
3758.66079 18.095 0.030
3761.70816 18.077 0.020
3764.68526 18.042 0.019
3769.68367 18.150 0.019
3772.65156 18.141 0.024
3775.62271 18.085 0.024
3778.62193 18.056 0.021
3781.63528 18.127 0.033
3785.60563 18.125 0.025
3790.57436 18.109 0.022
3797.55411 18.151 0.028
3804.55058 18.104 0.029
3817.51739 18.130 0.032
3936.93811 18.157 0.028
3960.90011 18.147 0.024
3968.84428 18.154 0.027
3973.92543 18.068 0.024
3979.91124 18.117 0.025
3987.85596 18.220 0.030
3994.91098 18.162 0.039
4001.81879 18.075 0.020
4004.78954 18.087 0.021
4007.72212 18.076 0.020
4009.79528 18.120 0.027
4016.83304 18.090 0.025
4023.82422 18.076 0.022
4025.87514 18.016 0.021
4028.78498 18.058 0.019
4030.86235 18.061 0.021
4037.75618 18.243 0.024
4040.75119 18.213 0.025
4042.76737 18.035 0.028
4045.86902 18.028 0.050
4048.73074 18.034 0.031
4053.77266 18.055 0.021
4055.72243 18.147 0.033
4057.70133 18.137 0.028
4060.64040 18.117 0.020
4065.65852 18.134 0.020
4067.62405 18.106 0.023
4069.61372 18.088 0.025
4072.65167 18.091 0.025
4077.68383 18.161 0.027
4080.66804 18.124 0.022
4084.69764 18.175 0.028
4092.77907 18.127 0.019
4100.83444 18.067 0.021
4104.73968 18.146 0.032
4107.67577 18.168 0.029
4117.64138 18.073 0.024
4121.64236 18.031 0.025
4123.71308 18.143 0.023
4126.61406 18.088 0.024
4129.70292 18.144 0.024
4147.57933 18.089 0.030
4153.55816 18.107 0.030
4164.54054 18.113 0.030
4177.49884 18.123 0.034
4192.51721 18.092 0.037
4350.81967 18.145 0.024
4355.83989 18.103 0.028
4362.76870 18.014 0.025
4365.78127 18.067 0.036
4369.77677 18.099 0.035
4373.75225 18.140 0.025
4376.79177 18.081 0.030
4379.79729 18.131 0.028
4383.80233 18.095 0.027
4388.74224 18.063 0.028
4392.73872 18.082 0.020
4397.77569 18.224 0.031
4402.85316 18.116 0.028
4406.80336 18.158 0.033
4416.83057 18.097 0.023
4420.85222 18.184 0.035
4425.84835 18.085 0.027
4431.72558 18.079 0.030
4435.78456 18.078 0.028
4439.76910 18.029 0.028
4441.84952 18.113 0.035
4444.68580 18.158 0.033
4450.70154 18.120 0.033
4453.68416 18.118 0.027
4456.68696 18.145 0.030
4458.67162 18.109 0.034
4463.68396 18.096 0.021
4466.67370 18.121 0.024
4469.65485 18.149 0.031
4473.60948 18.122 0.025
4477.69651 18.138 0.028
4479.67796 18.108 0.025
4483.67806 18.025 0.025
4486.67686 18.065 0.029
4489.69479 18.100 0.039
4493.65604 18.160 0.032
4498.61092 18.126 0.024
4500.73392 18.046 0.024
4502.66055 18.130 0.030
4507.60773 18.047 0.022
4509.60086 18.030 0.032
4515.57260 18.154 0.047
4520.57513 18.142 0.034
4523.58328 18.106 0.025
4525.58877 18.101 0.023
4531.55054 18.108 0.025
4534.54076 18.059 0.028
4538.59919 18.127 0.033
4540.54317 18.210 0.039
4543.63441 18.165 0.038
4549.51836 18.143 0.033
4559.50881 18.054 0.035
4566.50959 18.213 0.031
4571.50158 18.136 0.034
4589.48352 18.167 0.044
4672.92431 18.140 0.025
4690.93000 18.172 0.037
4703.89363 18.113 0.023
4715.88861 18.111 0.025
4722.78650 18.131 0.023
4726.78384 18.102 0.029
4731.82717 18.106 0.025
4743.83861 18.121 0.022
4750.84301 18.090 0.022
4755.86163 18.090 0.027
4759.79587 18.191 0.022
4762.75569 18.219 0.024
4768.73376 18.094 0.025
4771.77536 18.150 0.024
4774.69807 18.097 0.024
4776.80924 18.039 0.035
4779.84622 18.119 0.022
4783.71227 18.198 0.025
4787.72811 18.159 0.042
4790.72229 18.132 0.021
4793.72514 18.083 0.030
4795.70351 18.135 0.025
4799.70103 18.099 0.027
4802.70884 18.139 0.024
4805.66649 18.131 0.025
4807.75690 18.155 0.028
4810.68907 18.179 0.024
4813.66773 18.133 0.036
4815.68089 18.096 0.029
4817.68706 18.126 0.025
4819.67927 18.093 0.021
4821.71635 18.155 0.019
4825.73190 18.128 0.024
4831.77661 18.198 0.027
4834.69688 18.233 0.029
4836.70907 18.170 0.025
4839.69047 18.088 0.023
4841.69510 18.075 0.027
4843.70108 18.099 0.031
4846.66573 18.148 0.024
4848.69288 18.072 0.024
4850.68502 18.146 0.024
4854.66724 18.145 0.025
4856.67343 18.137 0.020
4859.65133 18.198 0.028
4865.66996 18.104 0.024
4868.65500 18.127 0.024
4870.62009 18.126 0.024
4874.55071 18.068 0.021
4876.54061 18.108 0.020
4879.62868 18.133 0.022
4882.62484 18.198 0.029
4884.54742 18.170 0.035
4887.58038 18.152 0.021
4901.62427 18.126 0.035
4911.59972 18.123 0.029
4915.52127 18.110 0.028
4918.53763 18.066 0.029
4924.55233 18.118 0.023
4928.54805 18.186 0.032
4933.51802 18.196 0.030
4937.51465 18.047 0.021
4941.53106 18.069 0.030
4953.48341 18.267 0.042
