2171.88583 18.939 0.069
2184.84473 19.194 0.096
2191.81558 18.883 0.044
2200.82520 18.984 0.055
2206.76135 18.981 0.081
2223.74845 18.906 0.058
2226.72401 18.915 0.067
2228.76769 19.023 0.068
2230.67945 18.976 0.077
2232.70122 19.011 0.055
2234.69428 18.891 0.051
2238.63884 19.353 0.086
2240.77393 19.296 0.086
2242.77576 19.016 0.092
2244.82654 19.098 0.104
2249.69891 18.847 0.051
2251.84464 18.931 0.076
2253.68490 18.920 0.052
2256.68995 19.104 0.067
2259.68192 18.954 0.048
2262.69205 18.884 0.060
2269.74832 18.827 0.058
2273.64345 19.041 0.072
2277.71504 19.140 0.058
2279.72441 18.911 0.060
2281.71651 18.947 0.046
2288.73084 18.891 0.048
2290.76562 18.872 0.055
2292.74046 19.074 0.086
2294.71249 19.441 0.155
2296.72969 19.321 0.116
2298.68580 18.833 0.062
2300.69778 18.859 0.092
2302.67369 18.820 0.067
2304.69566 18.885 0.073
2316.55808 18.904 0.063
2322.59168 18.975 0.060
2325.59810 18.979 0.076
2331.53458 19.217 0.096
2337.55715 19.033 0.069
2345.51695 18.995 0.077
2350.51906 19.022 0.080
2365.53632 19.251 0.124
2519.91220 18.911 0.073
2526.89040 18.851 0.044
2541.88468 19.455 0.076
2544.81141 18.942 0.067
2551.81132 18.924 0.063
2555.80631 18.958 0.067
2559.71930 19.163 0.077
2563.79317 18.966 0.080
2577.78780 19.363 0.095
2580.81655 19.018 0.054
2588.85728 18.923 0.054
2594.73380 19.264 0.129
2599.76500 18.948 0.067
2607.72944 18.931 0.054
2617.72106 18.891 0.072
2620.68574 18.852 0.061
2622.83218 18.903 0.058
2624.82595 18.927 0.050
2625.80719 18.950 0.055
2628.61117 19.036 0.089
2631.60948 19.335 0.107
2634.58821 18.836 0.050
2637.62639 18.960 0.045
2640.67241 18.921 0.068
2642.66458 18.835 0.063
2644.66147 18.952 0.063
2646.64913 18.890 0.065
2650.61620 19.264 0.073
2652.62761 18.975 0.060
2654.73971 18.955 0.069
2657.68698 18.883 0.062
2659.76019 18.811 0.081
2661.75945 18.794 0.056
2663.68633 18.897 0.082
2665.72957 18.896 0.045
2667.66010 19.110 0.061
2671.63770 19.012 0.049
2673.63654 18.981 0.059
2677.62750 18.904 0.065
2679.69073 18.844 0.065
2681.67797 19.015 0.072
2685.62500 19.135 0.080
2690.57865 18.925 0.067
2694.56954 18.923 0.058
2699.56884 18.887 0.068
2705.54255 19.374 0.082
2711.56919 18.947 0.069
2732.50593 19.069 0.108
2872.87424 18.866 0.065
2883.88770 18.879 0.048
2892.85286 18.916 0.075
2896.82733 19.278 0.095
2905.90448 18.922 0.087
2910.81946 18.908 0.047
2915.82028 19.211 0.055
2921.82250 18.839 0.063
2925.76583 18.854 0.062
2929.79451 18.886 0.055
2929.79900 18.901 0.056
2932.87672 18.860 0.059
2939.75560 18.868 0.061
2942.73379 18.805 0.057
2949.73791 18.976 0.057
2952.72896 19.357 0.101
2955.79054 18.959 0.097
2957.72314 18.883 0.059
2963.73088 18.817 0.067
2966.69780 18.960 0.062
2968.86151 18.933 0.082
2972.84896 19.211 0.068
2975.67086 18.935 0.067
2977.74163 18.952 0.074
2979.79369 18.866 0.055
2981.80111 19.017 0.104
2983.70182 18.961 0.068
2986.68407 19.084 0.062
2988.64879 19.382 0.097
2990.78245 19.243 0.084
2992.66695 18.901 0.058
2994.76324 18.865 0.049
2996.63923 18.920 0.045
2998.62079 18.878 0.054
3000.63887 18.927 0.058
3002.62359 18.950 0.060
3004.62647 19.105 0.059
3006.67552 19.239 0.061
3008.62655 19.085 0.098
3010.64680 18.920 0.060
3012.74218 18.947 0.085
3016.66080 18.912 0.055
3018.64621 18.895 0.056
3020.68722 19.128 0.088
3022.75282 18.855 0.045
3024.70120 19.099 0.061
3026.67025 19.297 0.063
3028.67576 18.897 0.045
3030.71107 18.880 0.045
3033.63152 18.914 0.045
3035.63928 18.860 0.048
3038.62280 18.808 0.085
3041.54579 19.363 0.105
3043.57527 19.490 0.147
3045.61435 19.118 0.063
3047.56882 18.972 0.065
3049.57376 18.879 0.055
3051.56598 18.823 0.051
3053.56236 18.922 0.052
3055.56105 18.870 0.063
3057.56024 18.952 0.052
3059.55884 19.080 0.055
3061.55310 19.272 0.083
3064.57599 18.957 0.076
3067.56385 18.920 0.064
3069.54886 18.919 0.058
3072.54713 18.822 0.052
3075.54770 18.834 0.062
3077.63239 18.891 0.064
3081.62386 19.300 0.069
3084.53070 18.901 0.056
3086.56969 18.907 0.070
3089.55453 18.881 0.064
3092.53977 18.922 0.094
3098.54073 19.242 0.087
3101.50468 18.958 0.083
3103.50146 18.796 0.063
3109.50356 18.854 0.054
3113.49166 19.007 0.102
3123.52459 18.896 0.086
3133.49818 19.154 0.102
3230.89717 18.854 0.052
3238.88076 18.922 0.065
3246.91253 18.877 0.062
3254.90062 19.313 0.069
3262.87511 18.882 0.047
3268.79842 18.890 0.045
3276.84010 18.876 0.068
3281.75331 18.869 0.045
3283.85312 18.955 0.051
3289.76666 19.432 0.072
3296.72055 18.980 0.048
3298.80063 19.024 0.060
3300.85659 18.788 0.047
3303.76381 19.140 0.125
3306.76531 19.048 0.065
3308.78199 19.335 0.094
3310.81435 19.110 0.065
3314.73568 18.845 0.060
3321.65616 18.991 0.055
3325.71793 19.132 0.063
3329.75054 18.993 0.038
3334.64677 18.721 0.073
3338.70017 18.874 0.047
3349.67757 18.850 0.048
3352.84409 18.711 0.033
3359.63862 18.890 0.050
3366.70055 18.926 0.054
3377.65713 18.848 0.043
3380.60509 19.171 0.074
3386.67155 18.876 0.039
3390.77663 19.007 0.070
3395.78057 18.939 0.095
3398.65385 19.058 0.091
3400.63351 19.289 0.121
3403.64307 18.862 0.060
3406.57690 18.807 0.042
3410.59494 18.875 0.041
3415.61729 19.010 0.056
3424.57992 19.002 0.077
3429.59483 18.898 0.058
3434.58420 19.048 0.060
3444.52067 18.966 0.068
3451.49964 19.001 0.074
3591.93142 19.152 0.060
3608.92385 18.932 0.058
3615.91760 18.830 0.055
3633.79035 18.988 0.076
3638.81957 18.987 0.064
3641.78968 19.034 0.060
3646.85714 19.016 0.076
3653.78756 18.894 0.049
3656.83992 18.871 0.048
3661.77538 18.959 0.072
3665.77858 19.293 0.087
3671.74462 18.924 0.059
3674.86672 18.954 0.057
3683.78257 19.348 0.069
3686.83044 19.065 0.046
3692.66842 18.844 0.058
3695.73245 18.873 0.049
3698.69015 19.069 0.069
3700.72951 19.132 0.048
3702.81712 19.288 0.055
3705.72391 18.965 0.044
3707.69898 19.038 0.067
3712.85414 18.963 0.073
3715.85199 18.950 0.056
3718.65367 19.232 0.089
3721.63684 19.023 0.065
3725.70405 18.964 0.062
3727.64839 18.904 0.051
3731.67877 18.868 0.037
3736.65968 19.150 0.050
3739.66301 19.041 0.057
3741.67805 19.158 0.099
3745.60883 19.028 0.059
3747.72187 19.001 0.097
3749.60461 18.996 0.096
3751.70878 18.921 0.057
3754.57054 19.247 0.070
3756.73669 19.161 0.085
3758.66079 19.143 0.088
3761.70816 18.996 0.046
3764.68526 18.888 0.041
3769.68367 18.867 0.038
3772.65156 18.966 0.055
3775.62271 19.270 0.079
3778.62193 19.054 0.058
3781.63528 18.963 0.080
3785.60563 18.915 0.057
3790.57436 18.963 0.049
3797.55411 18.982 0.065
3804.55058 18.972 0.069
3817.51739 19.033 0.079
3936.93811 18.946 0.063
3960.90011 18.895 0.054
3968.84428 19.075 0.068
3973.92543 18.890 0.056
3979.91124 19.040 0.065
3987.85596 19.131 0.073
3994.91098 19.098 0.105
4001.81879 19.066 0.050
4004.78954 19.220 0.062
4007.72212 18.904 0.047
4009.79528 19.143 0.074
4016.83304 18.908 0.058
4023.82422 19.156 0.062
4025.87514 19.127 0.060
4028.78498 18.965 0.046
4030.86235 18.925 0.049
4037.75618 19.111 0.062
4040.75119 19.272 0.075
4042.76737 19.045 0.079
4045.86902 19.168 0.162
4048.73074 19.137 0.098
4053.77266 18.960 0.050
4055.72243 19.220 0.102
4057.70133 19.338 0.093
4060.64040 18.970 0.049
4065.65852 18.997 0.048
4067.62405 18.940 0.057
4069.61372 18.887 0.060
4072.65167 18.914 0.059
4077.68383 19.242 0.076
4080.66804 18.701 0.042
4084.69764 18.923 0.060
4092.77907 18.905 0.042
4100.83444 19.013 0.055
4104.73968 18.963 0.075
4107.67577 19.023 0.071
4117.64138 19.028 0.065
4121.64236 18.869 0.058
4123.71308 18.814 0.048
4126.61406 18.893 0.055
4129.70292 19.002 0.057
4147.57933 19.193 0.084
4153.55816 18.928 0.065
4164.54054 18.928 0.065
4177.49884 18.936 0.076
4192.51721 18.925 0.088
4350.81967 18.974 0.055
4355.83989 18.894 0.060
4362.76870 18.898 0.062
4365.78127 18.895 0.088
4369.77677 18.866 0.080
4373.75225 18.939 0.057
4376.79177 19.081 0.080
4379.79729 19.090 0.070
4383.80233 18.999 0.063
4388.74224 18.813 0.060
4392.73872 18.996 0.047
4397.77569 19.248 0.083
4402.85316 18.959 0.062
4406.80336 18.953 0.075
4416.83057 19.345 0.073
4420.85222 18.893 0.074
4425.84835 18.921 0.059
4431.72558 19.268 0.095
4435.78456 19.134 0.077
4439.76910 18.814 0.061
4441.84952 18.945 0.083
4444.68580 18.893 0.073
4450.70154 19.337 0.111
4453.68416 18.987 0.064
4456.68696 18.950 0.070
4458.67162 18.859 0.074
4463.68396 18.939 0.047
4466.67370 18.982 0.056
4469.65485 19.551 0.121
4473.60948 18.903 0.056
4477.69651 18.883 0.058
4479.67796 18.929 0.058
4483.67806 18.947 0.061
4486.67686 19.148 0.080
4489.69479 19.371 0.137
4493.65604 18.959 0.071
4498.61092 18.905 0.052
4500.73392 19.038 0.063
4502.66055 18.954 0.068
4507.60773 19.142 0.060
4509.60086 18.976 0.082
4515.57260 19.080 0.128
4520.57513 18.943 0.077
4523.58328 19.394 0.083
4525.58877 19.168 0.062
4531.55054 18.960 0.059
4534.54076 19.058 0.071
4538.59919 19.155 0.089
4540.54317 19.114 0.096
4543.63441 19.462 0.132
4549.51836 18.916 0.074
4559.50881 19.149 0.105
4566.50959 19.002 0.065
4571.50158 19.027 0.082
4589.48352 18.969 0.099
4672.92431 18.911 0.057
4690.93000 18.863 0.080
4703.89363 18.899 0.051
4715.88861 19.152 0.070
4722.78650 18.920 0.051
4726.78384 18.856 0.062
4731.82717 18.959 0.059
4743.83861 18.947 0.049
4750.84301 18.987 0.054
4755.86163 19.101 0.072
4759.79587 18.914 0.044
4762.75569 18.970 0.051
4768.73376 19.052 0.063
4771.77536 19.470 0.082
4774.69807 19.019 0.060
4776.80924 18.816 0.083
4779.84622 18.991 0.051
4783.71227 18.983 0.057
4787.72811 19.099 0.118
4790.72229 19.223 0.058
4793.72514 19.036 0.081
4795.70351 18.964 0.061
4799.70103 19.046 0.067
4802.70884 18.973 0.058
4805.66649 19.176 0.069
4807.75690 19.239 0.082
4810.68907 18.982 0.055
4813.66773 19.034 0.095
4815.68089 18.905 0.068
4817.68706 18.872 0.054
4819.67927 18.996 0.054
4821.71635 18.957 0.038
4825.73190 19.273 0.073
4831.77661 18.846 0.050
4834.69688 18.987 0.064
4836.70907 18.870 0.051
4839.69047 18.918 0.054
4841.69510 19.032 0.067
4843.70108 19.115 0.086
4846.66573 19.155 0.061
4848.69288 18.965 0.057
4850.68502 18.930 0.054
4854.66724 18.933 0.054
4856.67343 18.853 0.039
4859.65133 18.899 0.056
4865.66996 19.013 0.061
4868.65500 18.896 0.055
4870.62009 18.878 0.052
4874.55071 18.882 0.046
4876.54061 18.990 0.050
4879.62868 19.138 0.059
4882.62484 19.113 0.073
4884.54742 18.969 0.083
4887.58038 18.848 0.043
4901.62427 19.186 0.102
4911.59972 18.947 0.067
4915.52127 19.170 0.080
4918.53763 19.167 0.084
4924.55233 18.913 0.052
4928.54805 18.806 0.064
4933.51802 19.153 0.077
4937.51465 19.132 0.058
4941.53106 18.966 0.071
4953.48341 19.398 0.120
