2171.85654 16.280 0.009
2183.81586 16.310 0.011
2184.81537 16.283 0.010
2188.86595 16.264 0.010
2191.77701 16.280 0.008
2200.79698 16.294 0.008
2206.73211 16.310 0.011
2216.85619 16.272 0.009
2223.72085 16.281 0.010
2226.69697 16.266 0.010
2228.74071 16.286 0.009
2230.65224 16.303 0.009
2232.67405 16.286 0.009
2234.66678 16.318 0.009
2238.61125 16.283 0.009
2240.73781 16.290 0.009
2242.74868 16.277 0.011
2244.79945 16.277 0.009
2249.66771 16.286 0.008
2252.63118 16.297 0.009
2253.65560 16.293 0.009
2256.66017 16.296 0.011
2259.65471 16.268 0.008
2262.65992 16.309 0.009
2269.72106 16.297 0.009
2272.62583 16.288 0.009
2276.63657 16.287 0.010
2279.63108 16.295 0.008
2281.67850 16.261 0.008
2283.71411 16.287 0.008
2288.69965 16.270 0.008
2290.73751 16.286 0.009
2294.67843 16.271 0.009
2296.69736 16.284 0.011
2298.71891 16.271 0.009
2300.67056 16.277 0.009
2302.64418 16.276 0.009
2304.64883 16.292 0.010
2315.57216 16.298 0.011
2322.55022 16.281 0.010
2325.56394 16.281 0.011
2330.57263 16.286 0.011
2337.52448 16.280 0.010
2343.52268 16.294 0.011
2353.51655 16.284 0.012
2370.51941 16.278 0.011
2403.49805 16.321 0.014
2519.88149 16.301 0.010
2526.85356 16.293 0.009
2540.86174 16.288 0.011
2544.78189 16.291 0.011
2550.89975 16.267 0.015
2554.86994 16.300 0.009
2558.87612 16.281 0.010
2562.89700 16.298 0.015
2571.82193 16.288 0.010
2577.76058 16.293 0.010
2580.78936 16.282 0.009
2588.82668 16.290 0.009
2593.81584 16.312 0.009
2599.73570 16.314 0.010
2607.69992 16.291 0.009
2617.68314 16.306 0.011
2620.62665 16.285 0.009
2622.80245 16.296 0.010
2624.79708 16.284 0.009
2626.61023 16.279 0.010
2629.60685 16.261 0.010
2631.79110 16.300 0.011
2634.56106 16.304 0.009
2637.59894 16.282 0.009
2640.63858 16.293 0.010
2642.63682 16.275 0.009
2644.62703 16.291 0.009
2649.65042 16.292 0.009
2651.69929 16.292 0.009
2654.65177 16.285 0.010
2656.73003 16.309 0.012
2658.71584 16.302 0.012
2661.73117 16.270 0.009
2663.63484 16.306 0.011
2665.66435 16.280 0.009
2667.62529 16.291 0.010
2669.66747 16.306 0.010
2671.60048 16.271 0.009
2673.60284 16.295 0.010
2675.60240 16.293 0.009
2677.60026 16.310 0.011
2679.62715 16.290 0.010
2681.64878 16.302 0.010
2685.58845 16.275 0.011
2690.54267 16.304 0.011
2694.54040 16.285 0.009
2698.60222 16.298 0.011
2704.58478 16.299 0.009
2711.53997 16.312 0.010
2731.49408 16.300 0.011
2879.88692 16.293 0.008
2884.83281 16.299 0.009
2888.86554 16.284 0.008
2893.85692 16.305 0.011
2897.81851 16.291 0.010
2903.86447 16.282 0.009
2906.81315 16.284 0.009
2910.78625 16.302 0.009
2915.79024 16.272 0.008
2921.79211 16.281 0.009
2924.88184 16.314 0.010
2929.87955 16.272 0.009
2932.84764 16.272 0.010
2941.82454 16.311 0.009
2943.69883 16.279 0.010
2946.72555 16.275 0.009
2949.70939 16.280 0.009
2952.70013 16.294 0.010
2955.76179 16.273 0.010
2957.69433 16.273 0.009
2960.71528 16.278 0.008
2963.70200 16.276 0.009
2966.66750 16.308 0.011
2968.83051 16.273 0.008
2975.64162 16.310 0.010
2979.76434 16.292 0.009
2983.67199 16.287 0.009
2985.85302 16.280 0.009
2988.61657 16.285 0.009
2990.80812 16.282 0.009
2997.61741 16.286 0.009
2999.63702 16.277 0.009
3001.61495 16.290 0.009
3003.64393 16.296 0.009
3005.67331 16.314 0.012
3007.62592 16.275 0.008
3009.62372 16.277 0.009
3011.65596 16.296 0.010
3013.63142 16.278 0.009
3016.63192 16.276 0.009
3018.61704 16.295 0.010
3020.65818 16.283 0.008
3022.69016 16.279 0.008
3024.67223 16.296 0.010
3026.64133 16.270 0.008
3028.64673 16.309 0.008
3030.68201 16.284 0.008
3032.78578 16.286 0.009
3035.61038 16.283 0.009
3037.61712 16.279 0.009
3040.58842 16.277 0.010
3042.57652 16.297 0.010
3045.58535 16.298 0.008
3047.53721 16.275 0.010
3049.54271 16.280 0.009
3051.53631 16.308 0.009
3053.53330 16.283 0.009
3055.53158 16.297 0.009
3057.53145 16.266 0.009
3059.52953 16.293 0.009
3060.52311 16.286 0.009
3061.52422 16.277 0.009
3064.53669 16.297 0.010
3067.53431 16.288 0.009
3069.51859 16.302 0.009
3072.51304 16.290 0.009
3075.51827 16.290 0.010
3077.60345 16.293 0.010
3081.59468 16.291 0.009
3083.60175 16.286 0.009
3086.53764 16.295 0.011
3089.52498 16.287 0.009
3092.50765 16.297 0.011
3098.50472 16.292 0.010
3101.52619 16.283 0.010
3104.49767 16.279 0.009
3108.49470 16.288 0.009
3115.51673 16.297 0.009
3132.49575 16.301 0.012
3230.86803 16.331 0.008
3254.87158 16.295 0.009
3261.90442 16.302 0.009
3272.88409 16.316 0.009
3275.88296 16.315 0.010
3280.88251 16.280 0.008
3283.82280 16.287 0.008
3289.73576 16.302 0.008
3294.74240 16.284 0.008
3296.69084 16.286 0.007
3298.77194 16.288 0.007
3300.82780 16.304 0.008
3303.73510 16.297 0.009
3306.73655 16.304 0.009
3308.75316 16.289 0.009
3310.78567 16.311 0.009
3314.70688 16.314 0.010
3321.62741 16.301 0.008
3328.83669 16.292 0.008
3336.70487 16.257 0.009
3340.82609 16.270 0.009
3349.64886 16.269 0.008
3353.64168 16.273 0.008
3356.63536 16.273 0.008
3360.64855 16.279 0.009
3369.66719 16.267 0.008
3377.62823 16.258 0.008
3381.62678 16.271 0.008
3386.63860 16.297 0.008
3390.64161 16.294 0.009
3395.75165 16.286 0.011
3398.61914 16.273 0.009
3400.60465 16.309 0.010
3403.61337 16.295 0.010
3406.54287 16.274 0.008
3410.56635 16.310 0.008
3415.54230 16.258 0.009
3429.56388 16.279 0.009
3434.55192 16.269 0.008
3442.52370 16.269 0.009
3450.52549 16.254 0.009
3569.93535 16.273 0.009
3592.88759 16.294 0.008
3608.89441 16.267 0.008
3614.87727 16.288 0.008
3621.90969 16.275 0.008
3628.88915 16.285 0.008
3633.76022 16.290 0.011
3639.76590 16.271 0.008
3641.75977 16.284 0.009
3646.82083 16.271 0.010
3652.87249 16.279 0.008
3656.81104 16.268 0.008
3661.74644 16.269 0.010
3665.74981 16.284 0.010
3671.71571 16.309 0.008
3674.83783 16.278 0.008
3683.75364 16.288 0.008
3686.79971 16.283 0.008
3689.71661 16.285 0.008
3692.63824 16.279 0.009
3695.70370 16.292 0.009
3698.65590 16.296 0.010
3700.70079 16.272 0.008
3702.78839 16.293 0.008
3705.69273 16.291 0.008
3707.66045 16.297 0.009
3713.63202 16.292 0.008
3716.70656 16.285 0.009
3720.65300 16.297 0.008
3724.70957 16.300 0.008
3727.61847 16.313 0.009
3731.62008 16.282 0.008
3736.63070 16.289 0.008
3739.60532 16.279 0.008
3742.65594 16.295 0.009
3745.74463 16.289 0.008
3748.60492 16.272 0.010
3750.63084 16.288 0.009
3752.58550 16.292 0.009
3755.59730 16.308 0.009
3758.60194 16.298 0.009
3760.73678 16.276 0.008
3762.61403 16.293 0.008
3766.59551 16.284 0.008
3769.59654 16.290 0.008
3772.62111 16.299 0.008
3775.59240 16.282 0.009
3778.59306 16.278 0.009
3781.60416 16.281 0.009
3785.57670 16.285 0.010
3790.54551 16.283 0.009
3796.58593 16.287 0.008
3804.52170 16.281 0.009
3816.52690 16.275 0.009
3935.91712 16.295 0.008
3960.87126 16.287 0.008
3967.90063 16.296 0.007
3973.89608 16.269 0.007
3979.88005 16.300 0.008
3987.82621 16.283 0.008
3994.87882 16.286 0.008
4004.76118 16.275 0.007
4008.71623 16.296 0.007
4011.87932 16.274 0.008
4016.88794 16.312 0.009
4021.83471 16.288 0.008
4025.84656 16.292 0.008
4028.75656 16.279 0.008
4030.82827 16.296 0.008
4037.72790 16.293 0.008
4040.72279 16.272 0.008
4042.73914 16.278 0.008
4045.83847 16.276 0.010
4048.70213 16.281 0.008
4050.77487 16.299 0.008
4053.74431 16.282 0.008
4055.69406 16.297 0.010
4057.67292 16.272 0.010
4065.62941 16.302 0.008
4068.64512 16.294 0.008
4070.64156 16.291 0.008
4073.80095 16.285 0.009
4077.65430 16.276 0.009
4080.63709 16.289 0.008
4084.66785 16.278 0.008
4092.74466 16.317 0.008
4100.80491 16.295 0.007
4104.70970 16.293 0.010
4107.64730 16.263 0.008
4117.61282 16.300 0.009
4121.61377 16.275 0.009
4123.59059 16.314 0.008
4125.70192 16.287 0.008
4129.67441 16.277 0.008
4144.55517 16.277 0.010
4153.52930 16.297 0.011
4161.56730 16.283 0.011
4176.50884 16.287 0.010
4345.83619 16.276 0.010
4349.89725 16.283 0.009
4355.81127 16.296 0.010
4361.79702 16.307 0.011
4364.78114 16.288 0.010
4368.88047 16.300 0.012
4371.74400 16.287 0.010
4376.76328 16.285 0.010
4379.76898 16.283 0.010
4383.77384 16.297 0.011
4391.87443 16.277 0.009
4397.74611 16.287 0.009
4402.82466 16.273 0.009
4406.77496 16.322 0.010
4409.84410 16.291 0.009
4416.71131 16.281 0.009
4420.82382 16.298 0.009
4424.84354 16.309 0.011
4431.74681 16.299 0.010
4435.71667 16.293 0.011
4438.84463 16.307 0.011
4444.65727 16.303 0.010
4450.67093 16.284 0.010
4453.65571 16.290 0.009
4456.65840 16.287 0.010
4458.64282 16.294 0.011
4462.65748 16.291 0.009
4467.63956 16.272 0.009
4471.62798 16.287 0.008
4474.81209 16.292 0.010
4478.66720 16.288 0.010
4482.69199 16.291 0.009
4485.67372 16.291 0.009
4487.67071 16.296 0.010
4492.73518 16.312 0.010
4497.66349 16.300 0.009
4499.68592 16.318 0.009
4502.60486 16.292 0.009
4507.58083 16.292 0.009
4509.57394 16.274 0.010
4515.54030 16.301 0.011
4520.52916 16.304 0.010
4523.55273 16.291 0.009
4525.52491 16.302 0.010
4531.52202 16.305 0.010
4537.51586 16.298 0.010
4540.51445 16.287 0.011
4547.50929 16.280 0.010
4556.50790 16.296 0.010
4561.51134 16.285 0.009
4570.49198 16.299 0.011
4581.48797 16.290 0.011
4690.87279 16.284 0.008
4702.88646 16.287 0.010
4715.85654 16.299 0.010
4721.81965 16.290 0.010
4726.75544 16.307 0.010
4730.89453 16.302 0.008
4743.80801 16.297 0.008
4750.81417 16.277 0.009
4755.83293 16.261 0.009
4758.87177 16.290 0.008
4762.72728 16.293 0.009
4768.70523 16.316 0.009
4771.74697 16.295 0.008
4773.83906 16.290 0.009
4776.78086 16.292 0.011
4779.75198 16.293 0.008
4783.68362 16.268 0.009
4787.69968 16.292 0.011
4792.72406 16.283 0.009
4795.67496 16.288 0.009
4799.67252 16.296 0.009
4802.68030 16.281 0.008
4805.62840 16.291 0.009
4807.65735 16.300 0.010
4810.64391 16.295 0.008
4813.63922 16.314 0.009
4815.65250 16.282 0.009
4817.65856 16.283 0.008
4819.65088 16.295 0.008
4821.68769 16.292 0.008
4825.70336 16.287 0.009
4831.74814 16.291 0.009
4834.66856 16.302 0.009
4836.67825 16.286 0.009
4838.67228 16.297 0.008
4841.66593 16.312 0.009
4843.66705 16.280 0.009
4845.68139 16.291 0.010
4847.69781 16.291 0.010
4849.69054 16.294 0.010
4853.69551 16.289 0.009
4855.68303 16.319 0.009
4857.65910 16.315 0.011
4863.60839 16.278 0.008
4867.63089 16.275 0.008
4869.57223 16.285 0.010
4871.61030 16.282 0.009
4873.60584 16.296 0.009
4875.53920 16.296 0.009
4879.60021 16.288 0.008
4887.55126 16.266 0.009
4899.63543 16.294 0.010
4903.59084 16.304 0.010
4913.55162 16.268 0.010
4917.53898 16.273 0.009
4921.53596 16.290 0.009
4927.53207 16.288 0.011
4931.53958 16.303 0.011
4935.50608 16.301 0.009
4939.51317 16.288 0.010
4944.52555 16.286 0.009
4950.50581 16.306 0.014
