2162.88312 14.099 0.006
2171.84576 14.114 0.006
2183.80511 14.120 0.006
2184.80467 14.117 0.006
2188.85523 14.117 0.006
2191.76540 14.110 0.006
2200.78705 14.111 0.006
2206.72217 14.106 0.006
2216.84629 14.102 0.006
2223.71094 14.130 0.006
2226.68707 14.143 0.006
2228.73083 14.141 0.006
2230.64239 14.151 0.006
2232.66414 14.154 0.006
2234.65691 14.161 0.006
2238.60138 14.169 0.006
2240.72790 14.166 0.006
2244.78956 14.167 0.006
2249.65783 14.149 0.006
2251.85520 14.146 0.006
2253.64569 14.143 0.006
2256.65032 14.134 0.006
2259.64485 14.136 0.006
2262.65002 14.120 0.006
2272.61593 14.134 0.006
2276.62669 14.132 0.006
2279.62117 14.149 0.006
2281.66859 14.132 0.006
2283.70423 14.138 0.006
2288.68973 14.130 0.006
2290.72763 14.134 0.006
2292.69773 14.142 0.006
2294.66831 14.143 0.006
2296.68725 14.155 0.006
2298.70882 14.154 0.006
2300.66048 14.164 0.006
2302.63407 14.165 0.006
2304.63874 14.162 0.006
2315.56204 14.130 0.006
2322.53270 14.115 0.006
2325.55316 14.111 0.006
2330.56189 14.107 0.006
2337.51366 14.131 0.006
2343.50969 14.137 0.006
2353.50388 14.118 0.006
2370.50858 14.109 0.006
2518.91309 14.074 0.006
2526.84276 14.093 0.006
2540.85098 14.113 0.006
2544.77112 14.110 0.006
2550.88899 14.111 0.006
2554.85432 14.092 0.006
2558.86541 14.095 0.006
2562.88626 14.095 0.006
2571.81184 14.100 0.006
2577.75048 14.113 0.006
2580.77929 14.105 0.006
2588.81606 14.105 0.006
2593.80519 14.092 0.006
2599.72508 14.073 0.006
2607.68331 14.078 0.006
2617.67272 14.104 0.006
2620.61625 14.100 0.006
2622.79200 14.113 0.006
2624.78668 14.117 0.006
2626.60018 14.124 0.006
2629.59682 14.126 0.006
2631.78064 14.131 0.006
2634.55103 14.126 0.006
2637.58889 14.134 0.006
2640.62853 14.121 0.006
2642.62675 14.127 0.006
2644.61696 14.135 0.006
2649.63996 14.125 0.006
2651.68878 14.123 0.006
2654.64096 14.136 0.006
2656.71596 14.131 0.006
2658.70577 14.124 0.006
2661.72109 14.128 0.006
2663.62475 14.128 0.006
2665.64985 14.136 0.006
2667.61522 14.135 0.006
2669.65735 14.132 0.006
2671.58449 14.125 0.006
2673.59273 14.131 0.006
2675.59229 14.119 0.006
2677.59014 14.122 0.006
2679.61701 14.111 0.006
2681.63825 14.104 0.006
2685.57788 14.103 0.006
2690.53209 14.103 0.006
2694.52984 14.095 0.006
2698.59165 14.103 0.006
2704.57415 14.116 0.006
2711.52936 14.120 0.006
2731.48336 14.091 0.006
2872.88521 14.128 0.006
2879.87627 14.119 0.006
2884.82219 14.130 0.006
2888.85489 14.135 0.006
2893.84631 14.139 0.006
2897.80794 14.136 0.006
2903.85390 14.110 0.006
2906.80261 14.104 0.006
2910.77569 14.099 0.006
2915.77972 14.094 0.006
2921.78156 14.093 0.006
2924.87130 14.083 0.006
2929.86902 14.086 0.006
2932.83715 14.077 0.006
2941.81315 14.108 0.006
2943.68833 14.111 0.006
2946.71510 14.122 0.006
2949.69812 14.111 0.006
2952.68969 14.112 0.006
2955.75138 14.102 0.006
2957.68392 14.090 0.006
2960.70482 14.095 0.006
2963.69156 14.090 0.006
2966.65707 14.077 0.006
2968.82010 14.081 0.006
2971.82741 14.080 0.006
2975.62573 14.085 0.006
2979.75389 14.099 0.006
2983.66158 14.109 0.006
2985.84264 14.113 0.006
2988.60558 14.128 0.006
2990.79771 14.119 0.006
2992.61567 14.129 0.006
2994.72409 14.131 0.006
2997.60701 14.121 0.006
2999.62660 14.101 0.006
3001.60453 14.102 0.006
3003.63352 14.103 0.006
3005.66291 14.099 0.006
3007.61553 14.103 0.006
3009.61332 14.093 0.006
3011.64552 14.089 0.006
3013.62103 14.086 0.006
3016.62150 14.080 0.006
3018.60663 14.084 0.006
3020.64777 14.086 0.006
3022.67976 14.080 0.006
3024.66178 14.084 0.006
3026.63085 14.085 0.006
3028.63626 14.082 0.006
3030.67153 14.088 0.006
3032.77530 14.077 0.006
3034.82482 14.076 0.006
3037.60242 14.073 0.006
3040.57797 14.080 0.006
3045.57488 14.093 0.006
3047.52671 14.087 0.006
3049.53221 14.095 0.006
3051.52578 14.090 0.006
3053.51831 14.091 0.006
3055.52043 14.103 0.006
3057.51646 14.100 0.006
3059.51901 14.105 0.006
3060.51261 14.101 0.006
3061.51371 14.108 0.006
3064.51659 14.113 0.006
3067.52373 14.109 0.006
3069.50803 14.116 0.006
3071.66967 14.117 0.006
3075.50769 14.116 0.006
3077.59288 14.108 0.006
3081.58409 14.094 0.006
3083.59118 14.079 0.006
3086.52704 14.070 0.006
3089.51439 14.066 0.006
3092.49703 14.078 0.006
3098.49405 14.057 0.006
3101.51555 14.073 0.006
3104.48700 14.079 0.006
3108.48404 14.099 0.006
3112.47936 14.117 0.006
3115.50607 14.122 0.006
3123.48489 14.102 0.006
3132.48099 14.074 0.006
3230.85738 14.160 0.006
3246.87325 14.147 0.006
3251.90407 14.136 0.006
3254.86096 14.127 0.006
3261.89387 14.137 0.006
3272.87359 14.144 0.006
3275.87242 14.147 0.006
3280.87197 14.145 0.006
3283.81225 14.134 0.006
3289.72525 14.138 0.006
3294.73193 14.154 0.006
3296.68035 14.141 0.006
3298.76072 14.144 0.006
3300.81733 14.138 0.006
3303.72467 14.141 0.006
3306.72613 14.137 0.006
3308.74273 14.150 0.006
3310.77521 14.128 0.006
3314.69642 14.120 0.006
3321.61700 14.117 0.006
3328.82622 14.122 0.006
3335.83023 14.121 0.006
3336.69446 14.107 0.006
3340.81570 14.108 0.006
3349.63847 14.116 0.006
3353.63127 14.121 0.006
3356.62498 14.117 0.006
3360.63816 14.112 0.006
3369.65682 14.099 0.006
3377.61780 14.094 0.006
3381.61632 14.082 0.006
3386.62818 14.068 0.006
3390.63116 14.074 0.006
3395.74116 14.085 0.006
3398.60866 14.104 0.006
3400.59412 14.108 0.006
3403.60287 14.110 0.006
3406.53237 14.117 0.006
3410.55597 14.112 0.006
3415.53190 14.106 0.006
3421.60135 14.094 0.006
3429.55258 14.091 0.006
3434.54145 14.097 0.006
3442.51321 14.102 0.006
3450.51498 14.086 0.006
3568.94666 14.083 0.006
3592.87702 14.101 0.006
3608.88388 14.063 0.006
3614.86672 14.064 0.006
3621.89922 14.080 0.006
3628.87868 14.094 0.006
3633.74976 14.089 0.006
3639.75542 14.073 0.006
3641.74932 14.074 0.006
3646.81036 14.062 0.006
3652.86211 14.054 0.006
3656.80067 14.071 0.006
3661.73607 14.101 0.006
3665.73945 14.117 0.006
3671.70534 14.133 0.006
3674.82747 14.133 0.006
3683.74332 14.122 0.006
3686.78940 14.110 0.006
3689.70629 14.105 0.006
3692.62791 14.103 0.006
3695.69339 14.088 0.006
3698.64559 14.082 0.006
3700.69048 14.077 0.006
3702.77666 14.075 0.006
3705.68243 14.086 0.006
3707.65016 14.086 0.006
3713.62170 14.112 0.006
3716.65888 14.125 0.006
3720.64162 14.124 0.006
3724.67328 14.127 0.006
3727.60813 14.137 0.006
3731.60974 14.137 0.006
3736.62037 14.119 0.006
3739.59497 14.120 0.006
3742.64559 14.118 0.006
3745.73431 14.107 0.006
3748.59463 14.113 0.006
3750.62050 14.119 0.006
3752.57510 14.126 0.006
3755.58694 14.128 0.006
3758.59097 14.122 0.006
3760.72642 14.117 0.006
3762.60361 14.124 0.006
3766.58515 14.130 0.006
3769.58614 14.127 0.006
3772.61066 14.135 0.006
3775.58199 14.137 0.006
3778.58268 14.138 0.006
3781.59369 14.165 0.006
3785.56625 14.161 0.006
3790.53504 14.147 0.006
3796.57550 14.132 0.006
3804.51121 14.131 0.006
3816.51637 14.144 0.006
3934.94248 14.106 0.006
3960.86080 14.108 0.006
3967.89025 14.088 0.006
3973.88569 14.088 0.006
3979.83517 14.105 0.006
3987.81587 14.105 0.006
3994.86850 14.107 0.006
4001.74816 14.097 0.006
4004.75088 14.100 0.006
4008.70590 14.104 0.006
4011.86905 14.092 0.006
4016.87764 14.091 0.006
4021.82441 14.083 0.006
4025.83634 14.088 0.006
4028.74630 14.085 0.006
4030.81803 14.077 0.006
4036.87684 14.069 0.006
4040.71257 14.061 0.006
4042.72888 14.062 0.006
4045.82825 14.063 0.006
4048.69192 14.075 0.006
4050.76472 14.091 0.006
4053.73414 14.085 0.006
4055.68392 14.097 0.006
4057.66275 14.101 0.006
4060.59764 14.095 0.006
4065.61925 14.098 0.006
4068.63495 14.091 0.006
4070.63140 14.078 0.006
4073.79077 14.079 0.006
4077.64414 14.072 0.006
4080.62603 14.067 0.006
4084.65772 14.053 0.006
4092.73446 14.076 0.006
4100.79475 14.094 0.006
4104.69952 14.102 0.006
4107.63713 14.108 0.006
4117.60263 14.108 0.006
4121.60356 14.081 0.006
4123.58031 14.074 0.006
4125.69167 14.071 0.006
4129.66414 14.060 0.006
4144.53544 14.085 0.006
4153.51894 14.086 0.006
4160.58497 14.078 0.006
4174.55198 14.072 0.006
4310.94140 14.115 0.006
4345.82577 14.132 0.006
4349.88685 14.139 0.006
4355.80089 14.129 0.006
4361.78669 14.123 0.006
4364.77047 14.133 0.006
4368.87016 14.142 0.006
4371.73367 14.145 0.006
4376.75296 14.150 0.006
4378.90027 14.161 0.006
4379.75870 14.148 0.006
4383.76355 14.151 0.006
4387.85848 14.153 0.006
4391.86417 14.136 0.006
4397.73586 14.111 0.006
4402.81446 14.102 0.006
4406.76473 14.097 0.006
4409.83386 14.096 0.006
4416.70108 14.103 0.006
4420.81363 14.108 0.006
4424.83330 14.123 0.006
4428.80131 14.140 0.006
4431.73660 14.158 0.006
4435.70156 14.155 0.006
4438.83047 14.158 0.006
4441.80458 14.149 0.006
4444.64710 14.137 0.006
4450.66077 14.139 0.006
4453.64421 14.135 0.006
4456.64821 14.131 0.006
4458.63265 14.128 0.006
4462.64729 14.127 0.006
4467.62935 14.123 0.006
4471.61776 14.133 0.006
4474.80186 14.144 0.006
4478.65702 14.144 0.006
4482.68180 14.142 0.006
4485.66354 14.134 0.006
4487.66046 14.117 0.006
4492.72246 14.118 0.006
4497.65367 14.101 0.006
4499.67608 14.115 0.006
4502.59503 14.115 0.006
4507.56650 14.126 0.006
4509.56408 14.120 0.006
4515.53001 14.121 0.006
4520.51883 14.138 0.006
4523.54243 14.128 0.006
4525.51461 14.138 0.006
4531.51169 14.141 0.006
4537.50552 14.130 0.006
4540.50409 14.137 0.006
4543.57840 14.131 0.006
4547.49893 14.142 0.006
4556.49745 14.139 0.006
4561.50011 14.113 0.006
4570.48035 14.085 0.006
4581.47749 14.078 0.006
4675.92318 14.074 0.006
4690.86232 14.050 0.006
4702.87606 14.084 0.006
4715.84616 14.104 0.006
4721.80929 14.078 0.006
4726.74513 14.047 0.006
4730.88417 14.055 0.006
4743.79774 14.120 0.006
4750.80387 14.142 0.006
4755.82268 14.149 0.006
4758.86154 14.137 0.006
4762.71704 14.138 0.006
4767.85669 14.107 0.006
4771.73677 14.098 0.006
4773.82884 14.094 0.006
4776.77063 14.092 0.006
4779.74178 14.097 0.006
4782.85812 14.101 0.006
4787.68945 14.103 0.006
4789.83412 14.111 0.006
4792.71384 14.110 0.006
4795.66476 14.118 0.006
4799.66233 14.113 0.006
4802.67012 14.106 0.006
4805.61816 14.102 0.006
4807.64714 14.117 0.006
4810.63376 14.102 0.006
4813.62904 14.103 0.006
4815.64231 14.111 0.006
4817.64708 14.112 0.006
4819.64073 14.123 0.006
4821.67748 14.134 0.006
4825.69319 14.142 0.006
4831.73794 14.153 0.006
4834.65837 14.142 0.006
4836.66804 14.137 0.006
4838.66210 14.130 0.006
4841.65572 14.117 0.006
4843.65682 14.105 0.006
4845.67115 14.100 0.006
4847.68632 14.093 0.006
4849.67804 14.091 0.006
4851.70662 14.090 0.006
4853.68530 14.100 0.006
4855.67278 14.102 0.006
4857.64886 14.108 0.006
4863.59816 14.115 0.006
4867.62064 14.132 0.006
4869.56198 14.148 0.006
4871.60002 14.138 0.006
4873.59554 14.152 0.006
4875.52890 14.139 0.006
4879.58992 14.127 0.006
4882.58608 14.128 0.006
4883.67581 14.115 0.006
4887.54100 14.103 0.006
4899.62505 14.099 0.006
4903.58044 14.116 0.006
4913.54123 14.127 0.006
4917.52855 14.139 0.006
4921.52552 14.125 0.006
4927.52200 14.119 0.006
4931.52949 14.123 0.006
4935.49603 14.142 0.006
4939.50311 14.134 0.006
4944.51546 14.130 0.006
4950.49574 14.126 0.006
