2171.85654 15.865 0.007
2183.81586 15.854 0.008
2184.81537 15.851 0.008
2188.86595 15.855 0.008
2191.77701 15.847 0.007
2200.79698 15.840 0.007
2206.73211 15.861 0.008
2216.85619 15.842 0.007
2223.72085 15.857 0.007
2226.69697 15.828 0.007
2228.74071 15.852 0.007
2230.65224 15.859 0.007
2232.67405 15.859 0.007
2234.66678 15.852 0.007
2238.61125 15.854 0.007
2240.73781 15.837 0.007
2242.74868 15.854 0.008
2244.79945 15.844 0.007
2249.66771 15.857 0.007
2252.63118 15.847 0.007
2253.65560 15.843 0.007
2256.66017 15.842 0.008
2259.65471 15.861 0.007
2262.65992 15.860 0.007
2269.72106 15.874 0.007
2272.62583 15.857 0.007
2276.63657 15.829 0.008
2279.63108 15.843 0.007
2281.67850 15.839 0.007
2283.71411 15.841 0.007
2292.70766 15.851 0.008
2294.67843 15.845 0.007
2296.69736 15.869 0.008
2298.71891 15.846 0.007
2300.67056 15.840 0.007
2302.64418 15.862 0.007
2304.64883 15.848 0.008
2315.57216 15.847 0.008
2322.55022 15.866 0.008
2325.56394 15.855 0.008
2330.57263 15.850 0.008
2337.52448 15.841 0.008
2343.52268 15.849 0.008
2353.51655 15.847 0.009
2370.51941 15.862 0.008
2403.49805 15.867 0.009
2519.88149 15.862 0.007
2526.85356 15.853 0.007
2540.86174 15.845 0.008
2544.78189 15.861 0.008
2550.89975 15.851 0.010
2554.86994 15.866 0.007
2558.87612 15.838 0.008
2562.89700 15.855 0.010
2571.82193 15.842 0.008
2577.76058 15.853 0.007
2580.78936 15.848 0.007
2588.82668 15.854 0.007
2593.81584 15.849 0.007
2599.73570 15.860 0.008
2607.69992 15.835 0.007
2617.68314 15.865 0.009
2620.62665 15.848 0.007
2622.80245 15.836 0.008
2624.79708 15.841 0.007
2626.61023 15.843 0.008
2629.60685 15.848 0.008
2631.79110 15.861 0.008
2634.56106 15.853 0.007
2637.59894 15.848 0.007
2640.63858 15.861 0.008
2642.63682 15.847 0.007
2644.62703 15.848 0.007
2649.65042 15.850 0.007
2651.69929 15.859 0.007
2654.65177 15.854 0.008
2656.73003 15.853 0.008
2658.71584 15.855 0.009
2661.73117 15.841 0.007
2663.63484 15.864 0.008
2665.66435 15.854 0.007
2667.62529 15.850 0.008
2669.66747 15.855 0.008
2671.60048 15.859 0.007
2673.60284 15.850 0.008
2675.60240 15.845 0.007
2677.60026 15.861 0.008
2679.62715 15.856 0.007
2681.64878 15.836 0.008
2685.58845 15.844 0.008
2690.54267 15.852 0.008
2694.54040 15.858 0.007
2698.60222 15.868 0.008
2704.58478 15.856 0.007
2711.53997 15.866 0.008
2731.49408 15.854 0.008
2879.88692 15.833 0.007
2884.83281 15.856 0.007
2888.86554 15.855 0.007
2893.85692 15.863 0.008
2897.81851 15.866 0.008
2903.86447 15.853 0.007
2906.81315 15.846 0.007
2910.78625 15.848 0.007
2915.79024 15.847 0.007
2921.79211 15.838 0.007
2924.88184 15.846 0.008
2929.87955 15.838 0.007
2932.84764 15.839 0.008
2941.82454 15.847 0.007
2943.69883 15.855 0.008
2946.72555 15.844 0.007
2949.70939 15.838 0.007
2952.70013 15.865 0.008
2955.76179 15.843 0.008
2957.69433 15.832 0.007
2960.71528 15.848 0.007
2963.70200 15.848 0.007
2966.66750 15.859 0.008
2968.83051 15.842 0.007
2971.83786 15.840 0.007
2975.64162 15.852 0.007
2979.76434 15.845 0.007
2983.67199 15.848 0.007
2985.85302 15.840 0.007
2988.61657 15.857 0.007
2990.80812 15.847 0.007
2994.73449 15.833 0.007
2997.61741 15.835 0.007
2999.63702 15.853 0.007
3001.61495 15.838 0.007
3003.64393 15.836 0.007
3005.67331 15.847 0.009
3007.62592 15.859 0.007
3009.62372 15.843 0.007
3011.65596 15.838 0.008
3013.63142 15.831 0.007
3016.63192 15.840 0.007
3018.61704 15.853 0.008
3020.65818 15.841 0.007
3022.69016 15.839 0.007
3024.67223 15.851 0.008
3026.64133 15.851 0.007
3028.64673 15.844 0.007
3030.68201 15.843 0.007
3035.61038 15.837 0.007
3037.61712 15.834 0.007
3040.58842 15.852 0.008
3042.57652 15.836 0.008
3045.58535 15.839 0.007
3047.53721 15.828 0.008
3049.54271 15.841 0.007
3051.53631 15.838 0.007
3053.53330 15.837 0.007
3055.53158 15.847 0.007
3057.53145 15.852 0.007
3059.52953 15.844 0.007
3060.52311 15.827 0.007
3061.52422 15.840 0.007
3064.53669 15.836 0.008
3067.53431 15.860 0.007
3069.51859 15.847 0.007
3072.51304 15.847 0.007
3075.51827 15.861 0.008
3077.60345 15.840 0.007
3081.59468 15.833 0.007
3083.60175 15.832 0.007
3086.53764 15.841 0.008
3089.52498 15.841 0.007
3092.50765 15.840 0.008
3098.50472 15.850 0.008
3101.52619 15.852 0.008
3104.49767 15.832 0.007
3108.49470 15.838 0.007
3115.51673 15.832 0.007
3123.49560 15.838 0.008
3132.49575 15.876 0.009
3230.86803 15.863 0.007
3254.87158 15.845 0.007
3261.90442 15.848 0.007
3272.88409 15.853 0.007
3275.88296 15.866 0.008
3280.88251 15.852 0.007
3283.82280 15.858 0.007
3289.73576 15.838 0.007
3294.74240 15.845 0.007
3296.69084 15.839 0.007
3298.77194 15.837 0.006
3300.82780 15.834 0.007
3303.73510 15.852 0.007
3306.73655 15.850 0.007
3308.75316 15.834 0.007
3310.78567 15.855 0.007
3314.70688 15.858 0.007
3321.62741 15.849 0.007
3328.83669 15.848 0.007
3335.84068 15.817 0.008
3336.70487 15.837 0.007
3340.82609 15.854 0.007
3349.64886 15.851 0.007
3353.64168 15.835 0.007
3356.63536 15.837 0.007
3360.64855 15.839 0.007
3369.66719 15.840 0.007
3377.62823 15.856 0.007
3381.62678 15.840 0.007
3386.63860 15.841 0.007
3390.64161 15.852 0.007
3395.75165 15.839 0.008
3398.61914 15.845 0.007
3400.60465 15.852 0.007
3403.61337 15.825 0.007
3406.54287 15.853 0.007
3410.56635 15.851 0.007
3415.54230 15.854 0.007
3421.61178 15.838 0.007
3429.56388 15.839 0.007
3434.55192 15.848 0.007
3442.52370 15.856 0.007
3450.52549 15.845 0.007
3569.93535 15.855 0.007
3592.88759 15.836 0.007
3608.89441 15.853 0.007
3614.87727 15.854 0.007
3621.90969 15.839 0.007
3628.88915 15.842 0.007
3633.76022 15.834 0.008
3639.76590 15.837 0.007
3641.75977 15.846 0.007
3646.82083 15.841 0.008
3652.87249 15.837 0.007
3656.81104 15.839 0.007
3661.74644 15.832 0.007
3665.74981 15.842 0.007
3671.71571 15.855 0.007
3674.83783 15.840 0.007
3683.75364 15.851 0.007
3686.79971 15.840 0.007
3689.71661 15.847 0.007
3692.63824 15.842 0.007
3695.70370 15.852 0.007
3698.65590 15.836 0.008
3700.70079 15.848 0.007
3702.78839 15.846 0.007
3705.69273 15.848 0.007
3707.66045 15.858 0.007
3713.63202 15.844 0.007
3716.70656 15.840 0.007
3720.65300 15.855 0.007
3724.70957 15.842 0.007
3727.61847 15.842 0.007
3731.62008 15.851 0.007
3736.63070 15.850 0.007
3739.60532 15.853 0.007
3742.65594 15.835 0.007
3745.74463 15.846 0.007
3748.60492 15.842 0.008
3750.63084 15.850 0.007
3752.58550 15.839 0.007
3755.59730 15.850 0.007
3758.60194 15.861 0.007
3760.73678 15.860 0.007
3762.61403 15.849 0.007
3766.59551 15.847 0.007
3769.59654 15.840 0.007
3772.62111 15.849 0.007
3775.59240 15.848 0.007
3778.59306 15.841 0.007
3781.60416 15.851 0.007
3785.57670 15.849 0.007
3790.54551 15.860 0.007
3796.58593 15.847 0.007
3804.52170 15.843 0.007
3816.52690 15.847 0.007
3935.91712 15.856 0.007
3960.87126 15.852 0.007
3967.90063 15.851 0.007
3973.89608 15.840 0.007
3979.88005 15.845 0.007
3987.82621 15.854 0.007
3994.87882 15.833 0.007
4004.76118 15.833 0.007
4008.71623 15.864 0.007
4011.87932 15.838 0.007
4016.88794 15.847 0.007
4021.83471 15.834 0.007
4025.84656 15.846 0.007
4028.75656 15.847 0.007
4030.82827 15.862 0.007
4037.72790 15.848 0.007
4040.72279 15.829 0.007
4042.73914 15.846 0.007
4045.83847 15.853 0.008
4048.70213 15.844 0.007
4050.77487 15.831 0.007
4053.74431 15.836 0.007
4055.69406 15.839 0.007
4057.67292 15.840 0.007
4065.62941 15.857 0.007
4068.64512 15.841 0.007
4070.64156 15.840 0.007
4073.80095 15.837 0.007
4077.65430 15.831 0.007
4080.63709 15.839 0.007
4084.66785 15.846 0.007
4092.74466 15.836 0.007
4100.80491 15.844 0.007
4104.70970 15.847 0.008
4107.64730 15.846 0.007
4117.61282 15.848 0.007
4121.61377 15.844 0.007
4123.59059 15.842 0.007
4125.70192 15.853 0.007
4129.67441 15.850 0.007
4144.55517 15.841 0.008
4153.52930 15.853 0.008
4161.56730 15.851 0.009
4176.50884 15.857 0.008
4345.83619 15.833 0.008
4349.89725 15.848 0.007
4355.81127 15.833 0.008
4361.79702 15.842 0.008
4364.78114 15.841 0.008
4368.88047 15.838 0.009
4371.74400 15.839 0.008
4376.76328 15.853 0.008
4379.76898 15.845 0.007
4383.77384 15.853 0.008
4391.87443 15.841 0.007
4397.74611 15.861 0.007
4402.82466 15.836 0.007
4406.77496 15.874 0.008
4409.84410 15.847 0.007
4416.71131 15.850 0.007
4420.82382 15.839 0.007
4424.84354 15.863 0.008
4428.82201 15.851 0.008
4431.74681 15.843 0.008
4435.71667 15.845 0.008
4438.84463 15.860 0.008
4441.81476 15.856 0.008
4444.65727 15.844 0.008
4450.67093 15.832 0.008
4453.65571 15.852 0.007
4456.65840 15.857 0.008
4458.64282 15.845 0.008
4462.65748 15.848 0.007
4467.63956 15.840 0.007
4471.62798 15.845 0.007
4474.81209 15.852 0.007
4478.66720 15.862 0.008
4482.69199 15.860 0.007
4485.67372 15.846 0.007
4487.67071 15.857 0.008
4492.73518 15.850 0.007
4497.66349 15.857 0.007
4499.68592 15.853 0.007
4502.60486 15.851 0.007
4507.58083 15.849 0.007
4509.57394 15.859 0.008
4515.54030 15.858 0.008
4520.52916 15.860 0.008
4523.55273 15.849 0.007
4525.52491 15.849 0.007
4531.52202 15.858 0.008
4537.51586 15.835 0.007
4540.51445 15.862 0.008
4543.60408 15.865 0.009
4547.50929 15.852 0.008
4556.50790 15.858 0.008
4561.51134 15.852 0.007
4570.49198 15.853 0.008
4581.48797 15.859 0.008
4690.87279 15.852 0.007
4702.88646 15.848 0.008
4715.85654 15.842 0.008
4721.81965 15.856 0.008
4726.75544 15.854 0.007
4730.89453 15.863 0.007
4743.80801 15.855 0.007
4750.81417 15.849 0.007
4755.83293 15.837 0.007
4758.87177 15.836 0.007
4762.72728 15.846 0.007
4768.70523 15.856 0.007
4771.74697 15.850 0.007
4773.83906 15.847 0.007
4776.78086 15.826 0.008
4779.75198 15.856 0.007
4783.68362 15.855 0.007
4787.69968 15.846 0.008
4789.84434 15.860 0.007
4792.72406 15.850 0.007
4795.67496 15.853 0.007
4799.67252 15.842 0.007
4802.68030 15.865 0.007
4805.62840 15.854 0.007
4807.65735 15.851 0.007
4810.64391 15.845 0.007
4813.63922 15.863 0.007
4815.65250 15.851 0.007
4817.65856 15.839 0.007
4819.65088 15.865 0.007
4821.68769 15.854 0.007
4825.70336 15.852 0.007
4831.74814 15.850 0.007
4834.66856 15.858 0.007
4836.67825 15.864 0.007
4838.67228 15.847 0.007
4841.66593 15.857 0.007
4843.66705 15.871 0.007
4845.68139 15.854 0.007
4847.69781 15.851 0.007
4849.69054 15.860 0.007
4853.69551 15.862 0.007
4855.68303 15.859 0.007
4857.65910 15.856 0.008
4863.60839 15.855 0.007
4867.63089 15.835 0.007
4869.57223 15.833 0.007
4871.61030 15.839 0.007
4873.60584 15.862 0.007
4875.53920 15.842 0.007
4879.60021 15.853 0.007
4882.59639 15.868 0.007
4883.68610 15.869 0.007
4887.55126 15.860 0.007
4899.63543 15.847 0.008
4903.59084 15.848 0.007
4913.55162 15.860 0.008
4917.53898 15.837 0.007
4921.53596 15.849 0.007
4927.53207 15.867 0.008
4931.53958 15.855 0.008
4935.50608 15.846 0.007
4939.51317 15.837 0.008
4944.52555 15.866 0.007
4950.50581 15.863 0.009
