2171.84935 14.687 0.007
2183.80871 14.680 0.007
2184.80825 14.687 0.007
2188.85880 14.673 0.007
2191.76896 14.680 0.007
2200.79035 14.666 0.007
2206.72549 14.676 0.007
2216.84958 14.662 0.007
2223.71424 14.644 0.007
2226.69035 14.630 0.007
2228.73411 14.628 0.007
2230.64568 14.625 0.007
2232.66744 14.628 0.007
2234.66020 14.635 0.007
2238.60467 14.653 0.007
2240.73120 14.654 0.007
2242.74210 14.666 0.007
2244.79287 14.680 0.007
2249.66112 14.672 0.007
2251.85851 14.665 0.007
2253.64900 14.639 0.007
2256.65359 14.624 0.007
2259.64814 14.608 0.007
2262.65333 14.602 0.007
2269.66053 14.641 0.007
2272.61923 14.639 0.007
2276.62999 14.643 0.007
2279.62447 14.671 0.007
2281.67187 14.672 0.007
2283.70752 14.662 0.007
2288.69303 14.655 0.007
2292.70103 14.648 0.007
2294.67168 14.630 0.007
2296.69063 14.610 0.007
2298.71217 14.609 0.007
2300.66384 14.606 0.007
2302.63744 14.601 0.007
2304.64212 14.616 0.007
2315.56542 14.650 0.007
2322.54306 14.658 0.007
2325.55673 14.651 0.007
2330.56547 14.643 0.007
2337.51729 14.658 0.007
2343.51330 14.635 0.007
2353.50750 14.608 0.007
2403.49075 14.590 0.007
2518.91670 14.749 0.007
2526.84636 14.769 0.007
2540.85460 14.696 0.007
2544.77472 14.648 0.007
2550.89257 14.679 0.007
2554.85789 14.667 0.007
2558.86898 14.675 0.007
2562.88984 14.707 0.007
2571.81520 14.768 0.007
2577.75387 14.739 0.007
2580.78265 14.690 0.007
2588.81960 14.645 0.007
2593.80873 14.625 0.007
2599.72864 14.615 0.007
2607.68686 14.655 0.007
2617.67620 14.701 0.007
2620.61973 14.696 0.007
2622.79549 14.695 0.007
2624.79013 14.684 0.007
2626.60352 14.689 0.007
2629.60015 14.679 0.007
2631.78414 14.654 0.007
2634.55438 14.645 0.007
2637.59224 14.619 0.007
2640.63188 14.583 0.007
2642.63010 14.571 0.007
2644.62033 14.577 0.007
2649.64346 14.583 0.007
2651.69228 14.585 0.007
2654.64508 14.583 0.007
2656.71931 14.611 0.007
2658.70912 14.623 0.007
2661.72444 14.645 0.007
2663.62811 14.653 0.007
2665.65763 14.641 0.007
2667.61858 14.656 0.007
2669.66072 14.652 0.007
2671.58826 14.650 0.007
2673.59610 14.637 0.007
2675.59567 14.622 0.007
2677.59352 14.624 0.007
2679.62041 14.611 0.007
2681.64177 14.619 0.007
2685.58141 14.603 0.007
2690.53563 14.608 0.007
2694.53337 14.610 0.007
2704.57770 14.633 0.007
2711.53290 14.666 0.007
2731.48695 14.679 0.007
2879.87983 14.685 0.007
2884.82574 14.663 0.007
2888.85845 14.673 0.007
2893.84985 14.678 0.007
2897.81146 14.676 0.007
2903.85742 14.656 0.007
2906.80613 14.650 0.007
2915.78325 14.639 0.007
2921.78508 14.647 0.007
2924.87481 14.657 0.007
2929.87254 14.675 0.007
2932.84067 14.665 0.007
2941.81665 14.645 0.007
2943.69184 14.653 0.007
2946.71860 14.660 0.007
2949.70161 14.657 0.007
2952.69319 14.662 0.007
2955.75485 14.669 0.007
2957.68738 14.688 0.007
2960.70831 14.694 0.007
2963.69506 14.706 0.007
2966.66053 14.711 0.007
2968.82358 14.716 0.007
2971.83090 14.713 0.007
2975.62919 14.698 0.007
2979.75740 14.711 0.007
2983.66506 14.703 0.007
2985.84612 14.722 0.007
2988.60944 14.727 0.007
2990.80115 14.730 0.007
2992.62565 14.714 0.007
2994.72756 14.723 0.007
2997.61048 14.693 0.007
2999.63009 14.692 0.007
3001.60801 14.682 0.007
3003.63698 14.684 0.007
3005.66638 14.669 0.007
3007.61900 14.670 0.007
3009.61677 14.689 0.007
3011.64900 14.681 0.007
3013.62450 14.699 0.007
3016.62497 14.715 0.007
3018.61010 14.719 0.007
3020.65121 14.745 0.007
3022.68322 14.757 0.007
3024.66526 14.762 0.007
3026.63433 14.776 0.007
3028.63976 14.780 0.007
3030.67503 14.781 0.007
3032.77879 14.773 0.007
3035.60341 14.739 0.007
3037.60592 14.729 0.007
3040.58146 14.715 0.007
3042.56952 14.701 0.007
3045.57837 14.695 0.007
3047.53020 14.690 0.007
3049.53573 14.690 0.007
3051.52928 14.670 0.007
3053.52181 14.678 0.007
3055.52396 14.685 0.007
3057.51995 14.684 0.007
3059.52252 14.710 0.007
3060.51613 14.717 0.007
3061.51723 14.719 0.007
3064.52012 14.729 0.007
3067.52727 14.728 0.007
3069.51155 14.713 0.007
3071.67320 14.737 0.007
3075.51122 14.707 0.007
3077.59639 14.695 0.007
3081.58760 14.685 0.007
3083.59473 14.678 0.007
3086.53058 14.659 0.007
3089.51794 14.648 0.007
3092.50056 14.647 0.007
3098.49761 14.644 0.007
3101.51910 14.632 0.007
3104.49059 14.633 0.007
3108.48759 14.641 0.007
3112.48291 14.662 0.007
3115.50963 14.661 0.007
3123.48845 14.681 0.007
3132.48456 14.653 0.007
3230.86092 14.681 0.007
3246.87678 14.661 0.007
3251.90762 14.676 0.007
3254.86452 14.695 0.007
3261.89740 14.697 0.007
3272.87710 14.702 0.007
3275.87594 14.672 0.007
3280.87549 14.665 0.007
3283.81579 14.663 0.007
3289.72878 14.717 0.007
3294.73544 14.726 0.007
3296.68385 14.719 0.007
3298.76421 14.691 0.007
3300.82083 14.691 0.007
3303.72815 14.683 0.007
3306.72963 14.671 0.007
3308.74620 14.671 0.007
3310.77871 14.664 0.007
3314.69990 14.673 0.007
3321.62048 14.660 0.007
3328.82973 14.706 0.007
3335.83374 14.726 0.007
3336.69792 14.687 0.007
3340.81916 14.690 0.007
3349.64194 14.632 0.007
3353.63474 14.626 0.007
3356.62843 14.630 0.007
3360.64165 14.640 0.007
3369.66027 14.675 0.007
3377.62126 14.677 0.007
3381.61981 14.656 0.007
3386.63165 14.649 0.007
3390.63465 14.651 0.007
3395.74465 14.641 0.007
3398.61217 14.646 0.007
3400.59761 14.651 0.007
3403.60638 14.631 0.007
3406.53585 14.617 0.007
3410.55944 14.613 0.007
3415.53538 14.601 0.007
3421.60483 14.640 0.007
3429.55688 14.659 0.007
3434.54495 14.661 0.007
3442.51671 14.637 0.007
3450.51849 14.628 0.007
3569.92822 14.717 0.007
3592.88055 14.741 0.007
3608.88738 14.711 0.007
3614.87025 14.698 0.007
3621.90273 14.666 0.007
3628.88216 14.665 0.007
3633.75325 14.640 0.007
3639.75892 14.615 0.007
3641.75283 14.614 0.007
3646.81386 14.608 0.007
3652.86557 14.665 0.007
3656.80414 14.707 0.007
3661.73952 14.713 0.007
3665.74290 14.682 0.007
3671.70878 14.677 0.007
3674.83093 14.651 0.007
3683.74677 14.665 0.007
3686.79285 14.668 0.007
3689.70973 14.674 0.007
3692.63137 14.682 0.007
3695.69682 14.670 0.007
3698.64905 14.670 0.007
3700.69391 14.652 0.007
3702.78010 14.619 0.007
3705.68588 14.610 0.007
3707.65359 14.586 0.007
3713.62515 14.577 0.007
3716.69969 14.587 0.007
3720.64505 14.615 0.007
3724.70085 14.639 0.007
3727.61159 14.653 0.007
3731.61320 14.670 0.007
3736.62381 14.668 0.007
3739.59843 14.659 0.007
3742.64904 14.665 0.007
3745.73775 14.660 0.007
3748.59807 14.658 0.007
3750.62395 14.650 0.007
3752.57857 14.663 0.007
3755.59041 14.663 0.007
3758.59444 14.648 0.007
3760.72985 14.648 0.007
3762.60712 14.643 0.007
3766.58861 14.628 0.007
3769.58962 14.621 0.007
3772.61415 14.615 0.007
3775.58547 14.633 0.007
3778.58614 14.638 0.007
3781.59718 14.653 0.007
3785.56972 14.651 0.007
3790.53856 14.663 0.007
3796.57898 14.660 0.007
3804.51472 14.620 0.007
3816.51989 14.641 0.007
3934.94601 14.649 0.007
3960.86430 14.630 0.007
3967.89371 14.699 0.007
3973.88916 14.698 0.007
3979.86721 14.673 0.007
3987.81931 14.655 0.007
3994.87196 14.640 0.007
4001.75159 14.664 0.007
4004.75431 14.668 0.007
4008.70933 14.688 0.007
4011.87249 14.689 0.007
4016.88108 14.703 0.007
4021.82783 14.693 0.007
4025.83975 14.703 0.007
4028.74975 14.691 0.007
4030.82144 14.679 0.007
4036.88023 14.711 0.007
4040.71598 14.686 0.007
4042.73232 14.691 0.007
4045.83165 14.728 0.007
4048.69532 14.749 0.007
4050.76811 14.774 0.007
4053.73754 14.778 0.007
4055.68733 14.783 0.007
4057.66614 14.798 0.007
4060.60516 14.820 0.007
4065.62268 14.803 0.007
4068.63831 14.780 0.007
4070.63479 14.760 0.007
4073.79417 14.747 0.007
4077.64752 14.716 0.007
4080.62942 14.718 0.007
4084.66110 14.687 0.007
4092.73786 14.656 0.007
4100.79814 14.674 0.007
4104.70291 14.678 0.007
4107.64053 14.685 0.007
4117.60603 14.650 0.007
4121.60697 14.645 0.007
4123.58373 14.672 0.007
4125.69508 14.688 0.007
4129.66759 14.652 0.007
4144.53890 14.624 0.007
4160.58844 14.593 0.007
4176.50193 14.588 0.007
4310.94477 14.628 0.007
4345.82926 14.617 0.007
4349.89032 14.639 0.007
4355.80437 14.667 0.007
4361.79015 14.677 0.007
4364.77425 14.686 0.007
4368.87362 14.675 0.007
4371.73710 14.685 0.007
4376.75639 14.650 0.007
4379.76213 14.638 0.007
4383.76698 14.619 0.007
4387.86190 14.584 0.007
4391.86760 14.589 0.007
4397.73927 14.596 0.007
4402.81786 14.603 0.007
4406.76816 14.645 0.007
4409.83727 14.662 0.007
4416.70450 14.697 0.007
4420.81704 14.691 0.007
4424.83673 14.667 0.007
4428.80470 14.644 0.007
4431.73998 14.612 0.007
4435.70802 14.623 0.007
4438.83652 14.609 0.007
4441.80801 14.594 0.007
4444.65049 14.623 0.007
4450.66417 14.668 0.007
4453.64763 14.688 0.007
4456.65161 14.716 0.007
4458.63603 14.716 0.007
4462.65072 14.720 0.007
4467.63277 14.706 0.007
4471.62118 14.721 0.007
4474.80525 14.659 0.007
4478.66042 14.676 0.007
4482.68519 14.664 0.007
4485.66695 14.647 0.007
4487.66388 14.655 0.007
4492.72590 14.648 0.007
4497.65696 14.687 0.007
4499.67937 14.690 0.007
4502.59831 14.725 0.007
4507.57426 14.771 0.007
4509.56736 14.780 0.007
4515.53344 14.780 0.007
4523.54585 14.734 0.007
4525.51804 14.743 0.007
4531.51513 14.712 0.007
4537.50898 14.704 0.007
4540.50755 14.720 0.007
4543.59716 14.710 0.007
4547.50239 14.735 0.007
4556.50093 14.721 0.007
4561.50359 14.696 0.007
4570.48501 14.664 0.007
4581.48101 14.635 0.007
4675.92668 14.666 0.007
4690.86583 14.679 0.007
4702.87954 14.660 0.007
4715.84963 14.612 0.007
4721.81275 14.630 0.007
4726.74856 14.644 0.007
4730.88764 14.637 0.007
4743.80117 14.632 0.007
4750.80732 14.643 0.007
4755.82610 14.639 0.007
4758.86494 14.619 0.007
4762.72049 14.634 0.007
4767.86013 14.599 0.007
4771.74019 14.600 0.007
4773.83224 14.615 0.007
4776.77406 14.628 0.007
4779.74519 14.645 0.007
4782.86155 14.638 0.007
4787.69286 14.678 0.007
4789.83754 14.632 0.007
4792.71726 14.644 0.007
4795.66815 14.644 0.007
4799.66574 14.608 0.007
4802.67352 14.643 0.007
4805.62156 14.619 0.007
4807.65056 14.645 0.007
4810.63715 14.639 0.007
4813.63244 14.646 0.007
4815.64572 14.660 0.007
4817.65049 14.662 0.007
4819.64410 14.676 0.007
4821.68089 14.673 0.007
4825.69658 14.672 0.007
4831.74133 14.625 0.007
4834.66177 14.642 0.007
4836.67146 14.634 0.007
4838.66551 14.645 0.007
4841.65912 14.658 0.007
4843.66023 14.663 0.007
4845.67456 14.677 0.007
4847.69099 14.683 0.007
4849.68148 14.689 0.007
4853.68869 14.684 0.007
4855.67621 14.695 0.007
4857.65227 14.674 0.007
4863.60157 14.684 0.007
4867.62407 14.660 0.007
4869.56540 14.688 0.007
4871.60346 14.651 0.007
4873.59900 14.648 0.007
4875.53234 14.660 0.007
4877.59203 14.660 0.007
4879.59336 14.654 0.007
4882.58952 14.641 0.007
4883.67923 14.626 0.007
4887.54443 14.646 0.007
4899.62852 14.595 0.007
4913.54471 14.660 0.007
4917.53201 14.650 0.007
4921.52902 14.613 0.007
4927.52536 14.574 0.007
4931.53285 14.566 0.007
4935.49940 14.590 0.007
4939.50647 14.600 0.007
4944.51883 14.629 0.007
4950.49910 14.643 0.007
