 457.64956 15.092 0.006
 457.70820 15.097 0.006
 457.82547 15.097 0.006
 458.68202 15.106 0.006
 459.64534 15.104 0.006
 459.85099 15.104 0.006
 461.65393 15.098 0.006
 461.78212 15.108 0.006
 462.61069 15.103 0.006
 465.85396 15.103 0.006
 466.84943 15.108 0.006
 468.77834 15.105 0.006
 469.78727 15.104 0.006
 470.80516 15.105 0.006
 472.82307 15.099 0.006
 475.58360 15.096 0.006
 477.80117 15.097 0.006
 478.80685 15.095 0.006
 479.80712 15.100 0.006
 480.64358 15.101 0.006
 481.54141 15.101 0.006
 482.83408 15.102 0.006
 483.53955 15.101 0.006
 484.53774 15.099 0.006
 485.54231 15.103 0.006
 486.53447 15.110 0.006
 487.56184 15.102 0.006
 488.57423 15.114 0.006
 489.53427 15.114 0.006
 490.54295 15.109 0.006
 491.54453 15.113 0.006
 492.52968 15.112 0.006
 493.53280 15.119 0.006
 494.52777 15.119 0.006
 494.78725 15.115 0.006
 495.52984 15.101 0.006
 496.52504 15.111 0.006
 496.74141 15.117 0.006
 498.52436 15.107 0.006
 499.78677 15.115 0.006
 500.78425 15.107 0.006
 501.54881 15.111 0.006
 507.53497 15.113 0.006
 508.57761 15.113 0.006
 509.53216 15.101 0.006
 510.56286 15.102 0.006
 510.72808 15.101 0.006
 511.62749 15.102 0.006
 512.56182 15.106 0.006
 513.54595 15.105 0.006
 513.65774 15.101 0.006
 514.52558 15.095 0.006
 514.62104 15.101 0.006
 515.52221 15.085 0.006
 516.52574 15.097 0.006
 517.52527 15.099 0.006
 518.56213 15.092 0.006
 519.51516 15.099 0.006
 519.66471 15.101 0.006
 519.74252 15.095 0.006
 520.68139 15.106 0.006
 521.51732 15.098 0.006
 521.65487 15.100 0.006
 521.71863 15.114 0.006
 523.52265 15.104 0.006
 524.50805 15.095 0.006
 524.54813 15.094 0.006
 526.51144 15.101 0.006
 526.60721 15.104 0.006
 527.50621 15.090 0.006
 528.56605 15.096 0.006
 530.54598 15.100 0.006
 530.64355 15.100 0.006
 531.51900 15.094 0.006
 531.61801 15.102 0.006
 532.50762 15.107 0.006
 533.50665 15.097 0.006
 533.63258 15.102 0.006
 534.51588 15.095 0.006
 535.52032 15.092 0.006
 536.66935 15.082 0.006
 540.50751 15.102 0.006
 552.61926 15.110 0.006
 554.53368 15.094 0.006
 558.52672 15.096 0.006
 560.54907 15.076 0.006
 561.48956 15.095 0.006
 562.48164 15.086 0.006
 564.49053 15.097 0.006
 573.48175 15.106 0.006
 673.83635 15.104 0.006
 689.86262 15.110 0.006
 699.80868 15.109 0.006
 701.80593 15.102 0.006
 704.84774 15.096 0.006
 706.79407 15.095 0.006
 707.84739 15.105 0.006
 715.81329 15.110 0.006
 720.79340 15.092 0.006
 722.82385 15.105 0.006
 726.78188 15.089 0.006
 728.82160 15.091 0.006
 729.87644 15.098 0.006
 733.77731 15.108 0.006
 741.87208 15.098 0.006
 744.87757 15.102 0.006
 745.71926 15.093 0.006
 747.78626 15.097 0.006
 748.74037 15.098 0.006
 751.72359 15.096 0.006
 755.68384 15.106 0.006
 759.79697 15.124 0.006
 760.77342 15.126 0.006
 761.85835 15.124 0.006
 765.79998 15.102 0.006
 769.79076 15.102 0.006
 774.79731 15.120 0.006
 778.78066 15.127 0.006
 780.85146 15.125 0.006
 781.78550 15.121 0.006
 788.79655 15.119 0.006
 789.75300 15.116 0.006
 792.79305 15.118 0.006
 795.85472 15.115 0.006
 796.85540 15.122 0.006
 797.85290 15.117 0.006
 798.84997 15.124 0.006
 805.77530 15.096 0.006
 816.71764 15.110 0.006
 817.82389 15.098 0.006
 818.85982 15.105 0.006
 819.85383 15.120 0.006
 822.78201 15.110 0.006
 825.74132 15.105 0.006
 827.65177 15.111 0.006
 828.83634 15.106 0.006
 829.67084 15.110 0.006
 830.80224 15.098 0.006
 831.64746 15.110 0.006
 832.72364 15.099 0.006
 833.65645 15.105 0.006
 834.77078 15.097 0.006
 837.81578 15.111 0.006
 839.60260 15.123 0.006
 841.82457 15.138 0.006
 842.78975 15.135 0.006
 844.65780 15.140 0.006
 850.67882 15.107 0.006
 854.73958 15.106 0.006
 856.73089 15.116 0.006
 858.61218 15.117 0.006
 860.75881 15.079 0.007
 864.69824 15.102 0.006
 880.51093 15.128 0.006
 887.59118 15.129 0.006
 892.67514 15.099 0.006
 895.49749 15.110 0.006
 897.49622 15.107 0.006
 922.47957 15.117 0.006
 928.49809 15.140 0.006
 931.52056 15.120 0.006
 950.49514 15.117 0.006
1065.91258 15.130 0.006
1068.80396 15.114 0.006
1069.79817 15.112 0.006
1071.79701 15.124 0.006
1077.82352 15.124 0.006
1083.77271 15.112 0.006
1088.84155 15.109 0.006
1102.76590 15.091 0.006
1106.82292 15.103 0.006
1112.80444 15.114 0.006
1116.78068 15.102 0.006
1126.68045 15.099 0.006
1129.72760 15.099 0.006
1136.81111 15.120 0.006
1142.70336 15.087 0.006
1151.79793 15.089 0.006
1154.80578 15.098 0.006
1157.79907 15.092 0.006
1174.76325 15.102 0.006
1175.84455 15.127 0.006
1183.73333 15.102 0.006
1191.83205 15.118 0.006
1196.61987 15.132 0.006
1201.75458 15.130 0.006
1204.74019 15.120 0.006
1207.63301 15.117 0.006
1211.71335 15.129 0.006
1214.60650 15.125 0.006
1217.65989 15.132 0.006
1219.71571 15.129 0.006
1223.58400 15.109 0.006
1226.67671 15.113 0.006
1228.65049 15.125 0.006
1231.59196 15.131 0.006
1234.66945 15.135 0.006
1236.66032 15.144 0.006
1239.69016 15.143 0.006
1241.70674 15.134 0.006
1243.51371 15.142 0.006
1245.59843 15.142 0.006
1247.69787 15.135 0.006
1248.66557 15.144 0.006
1254.51705 15.133 0.006
1259.50943 15.159 0.006
1264.50364 15.142 0.006
1267.52281 15.125 0.006
1273.52898 15.137 0.006
1275.50799 15.126 0.006
1278.54051 15.127 0.006
1288.48531 15.127 0.006
1290.61501 15.138 0.006
1298.52656 15.137 0.006
1301.53184 15.149 0.006
1306.47313 15.131 0.006
1312.46605 15.114 0.006
1316.48142 15.126 0.006
1319.52200 15.137 0.006
1320.46201 15.134 0.006
1330.45906 15.132 0.006
1331.46183 15.126 0.006
1331.50925 15.128 0.006
1332.45726 15.120 0.006
1333.46286 15.126 0.006
1335.45922 15.119 0.006
1336.45862 15.122 0.006
1336.47474 15.128 0.006
1336.48279 15.125 0.006
1338.48049 15.131 0.006
1338.48843 15.131 0.006
1339.45585 15.115 0.006
1339.46578 15.112 0.006
1340.45397 15.130 0.006
1340.47859 15.131 0.006
1342.45858 15.145 0.006
1343.47452 15.147 0.006
1346.47723 15.146 0.008
1348.46102 15.125 0.006
1349.46252 15.118 0.006
1350.46349 15.121 0.006
1354.94150 15.134 0.006
1360.94300 15.119 0.006
1365.94277 15.124 0.006
1375.93321 15.133 0.006
1395.90848 15.119 0.006
1400.89433 15.130 0.006
1415.91404 15.149 0.006
1430.86882 15.143 0.006
1432.86602 15.128 0.006
1433.90335 15.131 0.006
1435.77001 15.136 0.006
1437.76371 15.144 0.006
1440.81020 15.155 0.006
1446.88541 15.154 0.006
1448.77647 15.154 0.006
1454.79603 15.158 0.006
1458.81208 15.140 0.006
1462.75088 15.147 0.006
1470.79122 15.169 0.006
1477.67542 15.141 0.006
1479.71629 15.142 0.006
1484.73199 15.138 0.006
1487.75767 15.135 0.006
1491.68580 15.151 0.006
1493.83771 15.150 0.006
1494.73128 15.149 0.006
1499.69495 15.143 0.006
1502.69025 15.138 0.006
1503.84015 15.127 0.006
1505.73064 15.136 0.006
1507.80184 15.146 0.006
1512.73692 15.150 0.006
1514.84815 15.132 0.006
1515.70227 15.114 0.006
1521.69302 15.138 0.007
1523.64003 15.137 0.006
1525.74403 15.143 0.007
1527.73675 15.128 0.006
1528.81587 15.133 0.006
1529.68004 15.133 0.006
1531.79740 15.123 0.006
1538.75367 15.129 0.006
1542.67753 15.127 0.006
1544.72017 15.120 0.006
1547.79251 15.139 0.006
1548.77024 15.129 0.006
1549.78897 15.135 0.006
1552.68809 15.150 0.006
1553.76378 15.146 0.006
1554.77900 15.135 0.006
1555.76600 15.125 0.006
1561.55914 15.114 0.006
1562.76536 15.119 0.006
1564.65425 15.127 0.006
1567.61177 15.101 0.006
1570.57891 15.109 0.006
1573.61920 15.120 0.006
1576.60454 15.119 0.006
1579.66749 15.114 0.006
1581.71918 15.123 0.006
1583.71806 15.119 0.006
1585.65317 15.120 0.006
1588.60334 15.126 0.006
1591.68106 15.124 0.006
1593.60002 15.133 0.006
1595.70543 15.126 0.006
1599.67768 15.106 0.006
1600.69122 15.095 0.006
1604.54187 15.115 0.006
1606.51661 15.124 0.006
1609.61722 15.115 0.006
1610.58008 15.121 0.006
1611.65071 15.112 0.006
1613.55668 15.120 0.006
1615.50294 15.117 0.006
1617.50239 15.111 0.006
1619.52493 15.122 0.006
1621.49749 15.107 0.006
1623.49593 15.113 0.006
1625.49791 15.100 0.006
1627.49804 15.099 0.006
1629.54296 15.118 0.006
1630.55180 15.121 0.006
1632.49832 15.109 0.006
1634.53841 15.122 0.006
1635.60991 15.124 0.006
1643.52988 15.109 0.006
1645.48703 15.121 0.006
1650.54523 15.132 0.006
1653.54266 15.124 0.006
1655.51636 15.120 0.006
1657.50773 15.128 0.006
1660.53292 15.130 0.006
1662.48383 15.125 0.006
1664.49864 15.123 0.006
1667.55239 15.114 0.006
1671.48176 15.137 0.006
1676.48649 15.169 0.006
1690.49046 15.149 0.006
1768.90773 15.124 0.006
1771.87043 15.127 0.006
1773.89327 15.126 0.006
1789.89494 15.105 0.006
1790.85692 15.108 0.006
1803.88640 15.121 0.006
1809.81248 15.114 0.006
1812.83571 15.132 0.006
1814.85059 15.130 0.006
1818.84349 15.139 0.006
1822.83585 15.133 0.006
1828.86101 15.136 0.006
1829.83226 15.137 0.006
1830.84571 15.134 0.006
1834.88465 15.131 0.006
1846.81117 15.121 0.006
1846.86216 15.125 0.006
1850.79179 15.128 0.006
1851.86712 15.129 0.006
1855.83391 15.136 0.006
1859.75988 15.133 0.006
1863.74168 15.138 0.006
1865.79635 15.142 0.006
1867.76527 15.144 0.006
1869.73865 15.132 0.006
1870.76904 15.139 0.006
1871.85318 15.124 0.006
1873.81286 15.128 0.006
2115.93631 15.105 0.006
2116.93721 15.106 0.006
2122.92136 15.085 0.006
2128.92746 15.097 0.006
2130.91232 15.096 0.006
2131.91416 15.106 0.006
2132.90885 15.113 0.006
2134.91389 15.108 0.006
2135.92482 15.111 0.006
2140.91357 15.101 0.006
2142.90189 15.118 0.006
2143.90948 15.120 0.006
2144.91230 15.120 0.006
2156.88489 15.123 0.006
2161.84991 15.119 0.006
2173.86441 15.137 0.006
2190.80163 15.124 0.006
2192.83588 15.131 0.006
2201.82236 15.134 0.006
2214.80394 15.144 0.006
2224.75954 15.133 0.006
2227.66215 15.126 0.006
2229.67561 15.120 0.006
2232.83934 15.125 0.006
2234.83415 15.135 0.006
2237.75457 15.140 0.006
2241.67984 15.136 0.006
2243.73371 15.133 0.006
2248.81430 15.127 0.006
2250.80101 15.126 0.006
2252.66525 15.125 0.006
2254.65634 15.131 0.006
2257.66301 15.147 0.006
2260.66970 15.135 0.006
2266.66121 15.126 0.006
2270.65907 15.142 0.006
2271.80926 15.136 0.006
2272.81721 15.140 0.006
2274.64733 15.146 0.006
2276.76481 15.139 0.006
2277.81814 15.137 0.006
2279.83576 15.144 0.006
2280.80929 15.139 0.006
2282.69479 15.136 0.006
2283.86006 15.138 0.006
2288.76751 15.141 0.006
2290.80371 15.147 0.006
2292.77783 15.142 0.006
2296.76981 15.173 0.006
2298.72650 15.180 0.006
2300.73701 15.176 0.006
2302.71364 15.157 0.006
2315.64475 15.147 0.006
2327.57405 15.161 0.006
2333.58404 15.160 0.006
2339.56040 15.179 0.006
2345.52147 15.155 0.006
2351.49958 15.152 0.006
2369.49709 15.151 0.006
2385.48276 15.168 0.006
2529.82839 15.171 0.006
2539.83086 15.182 0.006
2545.80153 15.183 0.006
2552.85406 15.181 0.006
2556.84544 15.176 0.006
2560.75386 15.182 0.006
2564.86210 15.178 0.006
2578.78433 15.182 0.006
2583.83871 15.185 0.006
2590.74381 15.203 0.006
2596.75643 15.170 0.006
2605.78368 15.183 0.006
2609.75581 15.180 0.006
2614.71785 15.185 0.006
2618.77304 15.183 0.006
2621.69576 15.182 0.006
2624.60386 15.197 0.006
2627.69980 15.191 0.006
2629.72274 15.192 0.006
2635.69591 15.185 0.006
2638.66690 15.160 0.006
2640.76380 15.166 0.006
2642.72260 15.183 0.006
2644.72530 15.185 0.006
2646.70083 15.177 0.006
2650.73508 15.176 0.006
2652.78900 15.165 0.006
2654.75142 15.180 0.006
2656.66072 15.175 0.006
2658.62247 15.186 0.006
2660.64079 15.173 0.006
2662.65173 15.177 0.006
2664.63042 15.177 0.006
2666.69516 15.176 0.006
2668.68128 15.177 0.006
2670.64338 15.182 0.006
2672.78217 15.189 0.006
2674.68293 15.194 0.006
2676.67201 15.187 0.006
2678.72530 15.179 0.006
2680.63604 15.167 0.006
2682.68467 15.161 0.006
2687.56098 15.190 0.006
2693.52022 15.181 0.006
2696.55689 15.188 0.006
2701.53850 15.192 0.006
2707.54029 15.199 0.006
2714.53240 15.192 0.006
2839.90897 15.164 0.006
2867.88000 15.167 0.006
2885.85768 15.168 0.006
2892.88620 15.158 0.006
2897.85516 15.155 0.006
2903.90095 15.151 0.006
2907.77537 15.178 0.006
2911.81281 15.147 0.006
2916.86323 15.157 0.006
2922.84691 15.153 0.006
2926.77861 15.162 0.006
2930.84830 15.146 0.006
2934.75027 15.152 0.006
2940.72982 15.149 0.006
2943.73540 15.147 0.006
2947.74402 15.147 0.006
2953.70121 15.152 0.006
2956.72656 15.138 0.006
2958.75289 15.156 0.006
2962.76465 15.165 0.006
2965.78840 15.157 0.006
2968.65427 15.152 0.006
2973.67310 15.132 0.006
2975.85720 15.141 0.006
2976.79163 15.135 0.006
2978.69928 15.153 0.006
2980.71172 15.145 0.006
2982.70444 15.144 0.006
2984.75158 15.134 0.006
2988.80462 15.154 0.006
2989.75988 15.158 0.006
2991.65507 15.141 0.006
2993.64237 15.138 0.006
2995.74333 15.139 0.006
2997.72100 15.132 0.006
2999.68517 15.132 0.006
3001.77999 15.144 0.006
3003.75071 15.152 0.006
3005.71257 15.146 0.006
3007.63393 15.169 0.006
3009.63178 15.149 0.006
3011.73134 15.151 0.006
3013.73553 15.117 0.006
3017.73687 15.153 0.006
3019.66492 15.141 0.006
3021.78349 15.140 0.006
3023.64525 15.140 0.006
3024.84636 15.138 0.006
3027.66252 15.141 0.006
3029.64752 15.134 0.006
3031.71748 15.155 0.006
3033.78111 15.139 0.006
3035.78796 15.143 0.006
3038.76558 15.146 0.006
3041.60606 15.150 0.006
3043.64014 15.168 0.006
3045.70306 15.160 0.006
3047.65678 15.181 0.006
3048.58553 15.179 0.006
3050.60386 15.177 0.006
3052.60101 15.160 0.006
3054.60161 15.139 0.006
3056.59893 15.141 0.006
3058.59295 15.165 0.006
3060.64252 15.171 0.006
3068.52842 15.158 0.006
3070.58935 15.174 0.006
3073.62057 15.188 0.006
3076.52054 15.174 0.006
3078.62954 15.168 0.006
3082.60738 15.179 0.006
3085.50843 15.195 0.006
3087.64667 15.201 0.006
3090.61065 15.219 0.006
3096.52864 15.153 0.006
3099.59791 15.172 0.006
3102.57706 15.182 0.006
3104.56377 15.160 0.006
3110.54551 15.171 0.006
3113.52340 15.161 0.006
3128.49523 15.151 0.006
3140.50295 15.133 0.006
3216.86713 15.166 0.006
3241.91011 15.167 0.006
3248.85229 15.173 0.006
3257.88065 15.163 0.006
3264.80199 15.179 0.006
3270.86874 15.165 0.006
3274.75445 15.182 0.006
3277.87644 15.165 0.006
3281.89645 15.159 0.006
3287.75817 15.167 0.006
3295.71655 15.179 0.006
3301.77009 15.162 0.006
3304.83042 15.149 0.006
3307.70395 15.177 0.006
3309.73618 15.170 0.006
3311.73419 15.157 0.006
3320.77710 15.158 0.006
3327.74911 15.179 0.006
3330.70775 15.175 0.006
3334.80665 15.179 0.006
3338.85512 15.193 0.006
3339.75445 15.196 0.006
3354.77038 15.154 0.006
3358.81657 15.180 0.006
3361.84744 15.171 0.006
3365.74913 15.173 0.006
3372.76554 15.160 0.006
3378.67818 15.165 0.006
3391.74596 15.153 0.006
3395.70854 15.137 0.006
3399.71476 15.161 0.006
3403.70206 15.163 0.006
3406.67091 15.152 0.006
3410.62464 15.144 0.006
3415.62184 15.169 0.006
3427.58554 15.132 0.006
3433.60812 15.159 0.006
3438.53736 15.148 0.006
3446.49445 15.160 0.006
3461.51188 15.184 0.006
3473.47115 15.165 0.006
3575.92977 15.187 0.006
3592.92165 15.178 0.006
3601.92169 15.180 0.006
3619.82363 15.199 0.006
3629.89711 15.212 0.006
3633.86213 15.188 0.006
3639.77461 15.200 0.006
3644.81122 15.189 0.006
3651.75357 15.202 0.006
3654.80191 15.213 0.006
3658.76593 15.211 0.006
3661.83667 15.198 0.006
3668.80936 15.215 0.006
3672.79764 15.205 0.006
3676.75441 15.192 0.006
3684.81644 15.189 0.006
3687.79089 15.197 0.006
3690.71071 15.202 0.006
3693.74476 15.200 0.006
3695.77753 15.173 0.006
3698.75926 15.202 0.006
3700.78785 15.193 0.006
3703.71872 15.192 0.006
3705.78588 15.197 0.006
3708.77382 15.211 0.006
3712.73146 15.205 0.006
3714.80167 15.198 0.006
3717.66413 15.169 0.006
3719.83664 15.188 0.006
3721.79756 15.195 0.006
3726.69340 15.199 0.006
3730.72572 15.185 0.006
3732.71776 15.191 0.006
3734.84860 15.200 0.006
3737.74958 15.196 0.006
3739.81957 15.183 0.006
3741.83248 15.184 0.006
3743.72961 15.194 0.006
3746.77208 15.200 0.006
3748.72533 15.189 0.006
3749.73036 15.185 0.006
3751.74223 15.191 0.006
3753.69377 15.202 0.006
3755.69410 15.193 0.006
3757.68462 15.189 0.006
3759.74932 15.180 0.006
3762.77094 15.175 0.006
3765.75804 15.197 0.006
3770.63047 15.188 0.006
3773.69656 15.181 0.006
3776.66687 15.195 0.006
3779.62144 15.202 0.006
3782.73236 15.190 0.006
3787.59826 15.202 0.006
3792.54899 15.199 0.006
3800.53095 15.192 0.006
3809.53824 15.196 0.006
3823.49828 15.178 0.006
3946.92046 15.211 0.006
3964.87699 15.207 0.006
3969.90105 15.223 0.006
3980.91751 15.221 0.006
3981.87562 15.226 0.006
3989.90419 15.223 0.006
3998.86793 15.239 0.006
3999.83042 15.252 0.006
4001.87946 15.236 0.006
4004.84342 15.213 0.006
4005.85738 15.201 0.006
4008.72368 15.219 0.006
4011.89053 15.223 0.006
4018.85329 15.229 0.006
4023.88564 15.212 0.006
4026.79383 15.233 0.006
4029.74303 15.200 0.006
4031.81642 15.230 0.006
4038.72442 15.224 0.006
4041.68572 15.243 0.006
4043.69057 15.218 0.006
4046.78230 15.226 0.006
4048.87171 15.207 0.006
4049.65326 15.209 0.006
4052.71462 15.211 0.006
4056.75944 15.223 0.006
4058.79177 15.219 0.006
4063.69041 15.219 0.006
4065.86357 15.211 0.006
4066.74772 15.215 0.006
4068.65259 15.215 0.006
4070.67770 15.208 0.006
4073.85150 15.215 0.006
4074.74531 15.226 0.006
4077.79378 15.219 0.006
4079.83872 15.227 0.006
4083.68433 15.236 0.006
4085.75003 15.217 0.006
4093.73455 15.230 0.006
4102.84709 15.222 0.006
4105.80714 15.240 0.006
4109.77704 15.215 0.006
4113.73274 15.208 0.006
4120.76305 15.220 0.006
4122.71956 15.233 0.006
4125.77379 15.233 0.006
4132.66151 15.224 0.006
4142.71242 15.245 0.007
4156.54752 15.240 0.006
4168.50215 15.252 0.007
4197.48146 15.225 0.006
4341.91385 15.262 0.006
4347.86379 15.292 0.006
4353.79875 15.288 0.006
4358.89707 15.291 0.006
4364.86151 15.299 0.006
4367.88597 15.300 0.006
4371.75122 15.329 0.006
4377.80607 15.325 0.006
4380.82259 15.348 0.006
4386.79827 15.372 0.006
4390.76021 15.377 0.006
4394.71634 15.368 0.006
4399.73431 15.382 0.007
4404.73250 15.405 0.007
4412.71281 15.433 0.007
4418.80622 15.416 0.006
4421.85201 15.428 0.006
4426.74994 15.433 0.007
4429.85639 15.444 0.007
4430.67642 15.469 0.007
4432.73652 15.473 0.006
4436.77642 15.490 0.006
4439.84150 15.503 0.007
4443.72136 15.509 0.007
4449.69242 15.526 0.006
4451.70214 15.506 0.007
4455.70128 15.511 0.007
4457.73173 15.510 0.006
4460.80337 15.523 0.007
4463.72163 15.512 0.006
4466.71063 15.511 0.006
4470.65806 15.500 0.006
4473.70083 15.487 0.006
4477.75926 15.464 0.006
4482.76311 15.464 0.006
4486.74015 15.435 0.006
4491.71438 15.416 0.006
4494.65968 15.413 0.006
4498.69331 15.415 0.006
4501.69057 15.396 0.006
4506.62467 15.393 0.006
4508.64771 15.385 0.006
4510.71642 15.374 0.006
4517.65064 15.374 0.006
4521.63026 15.359 0.006
4524.59385 15.371 0.006
4530.61735 15.356 0.006
4532.64558 15.361 0.006
4535.61458 15.349 0.006
4536.61782 15.352 0.006
4539.49980 15.360 0.006
4541.60896 15.353 0.006
4545.53900 15.363 0.006
4556.57502 15.380 0.006
4561.56610 15.372 0.006
4568.52068 15.377 0.006
4580.50646 15.368 0.006
4588.47165 15.355 0.006
4606.46924 15.339 0.006
4683.91626 15.294 0.006
4697.87299 15.283 0.006
4708.85056 15.281 0.006
4720.78909 15.291 0.006
4724.84238 15.281 0.006
4728.83632 15.276 0.006
4733.83980 15.281 0.006
4748.79860 15.277 0.006
4752.87875 15.274 0.006
4757.76920 15.280 0.006
4760.77107 15.284 0.006
4763.82985 15.278 0.006
4769.69966 15.270 0.006
4772.71875 15.268 0.006
4773.72641 15.273 0.006
4773.85447 15.276 0.006
4774.66774 15.270 0.006
4775.74904 15.275 0.006
4776.64497 15.282 0.006
4777.76295 15.277 0.006
4781.79234 15.275 0.006
4784.71369 15.285 0.007
4788.81016 15.262 0.006
4791.82049 15.256 0.006
4791.85789 15.268 0.006
4794.79218 15.260 0.006
4796.67108 15.272 0.006
4797.81150 15.268 0.006
4800.78810 15.266 0.006
4803.63390 15.272 0.006
4805.73217 15.269 0.006
4807.83878 15.253 0.006
4809.71629 15.266 0.006
4812.75282 15.271 0.006
4814.75319 15.266 0.006
4816.74997 15.258 0.006
4818.77758 15.256 0.006
4820.75497 15.260 0.006
4823.78129 15.257 0.006
4826.69825 15.261 0.006
4833.70855 15.260 0.006
4835.69474 15.240 0.006
4836.65289 15.258 0.006
4836.79990 15.242 0.006
4837.69573 15.253 0.006
4837.74311 15.262 0.006
4839.79337 15.262 0.006
4841.75977 15.252 0.006
4843.75901 15.255 0.006
4846.72761 15.258 0.006
4848.73523 15.256 0.006
4853.75737 15.235 0.006
4855.77281 15.246 0.006
4857.75102 15.239 0.006
4859.74070 15.253 0.006
4865.72722 15.240 0.006
4868.72023 15.244 0.006
4871.64339 15.247 0.006
4874.58370 15.237 0.006
4876.55375 15.240 0.006
4878.66019 15.232 0.006
4879.63307 15.231 0.006
4885.56437 15.235 0.006
4888.64769 15.232 0.006
4899.52302 15.235 0.006
4900.70141 15.236 0.006
4901.53211 15.238 0.006
4901.65366 15.238 0.006
4908.60165 15.238 0.006
4917.54679 15.234 0.006
4921.56849 15.223 0.006
4927.56294 15.232 0.006
4931.57020 15.250 0.006
4935.53694 15.227 0.006
4939.54393 15.235 0.006
4943.54114 15.226 0.006
4948.52431 15.222 0.006
4953.51680 15.231 0.006
