2167.86076 15.749 0.006
2173.89500 15.738 0.006
2190.82002 15.749 0.006
2192.86357 15.743 0.006
2193.78514 15.749 0.005
2201.85120 15.753 0.006
2202.78466 15.767 0.006
2214.83233 15.782 0.006
2221.77432 15.799 0.006
2224.78677 15.817 0.006
2227.69763 15.816 0.006
2229.70310 15.810 0.006
2231.67151 15.816 0.006
2233.63980 15.841 0.006
2236.65216 15.848 0.007
2239.62019 15.868 0.007
2241.70713 15.870 0.006
2243.76083 15.884 0.006
2247.84273 15.895 0.006
2248.84538 15.905 0.006
2250.77542 15.923 0.006
2252.69241 15.936 0.006
2254.68368 15.929 0.006
2257.69189 15.953 0.006
2260.69737 15.968 0.006
2266.68873 15.994 0.006
2270.72475 15.993 0.006
2271.83663 15.986 0.005
2272.72311 15.992 0.007
2274.72944 15.978 0.006
2276.79500 15.974 0.007
2278.65924 15.974 0.006
2280.73761 15.963 0.006
2282.73351 15.948 0.006
2289.79698 15.952 0.006
2292.81340 15.936 0.006
2296.80221 15.945 0.007
2298.79582 15.938 0.007
2300.77345 15.948 0.007
2302.74655 15.937 0.007
2315.67226 15.971 0.005
2324.52953 15.976 0.007
2328.51640 15.969 0.008
2334.50972 15.974 0.007
2340.50649 15.944 0.008
2364.49583 15.871 0.007
2385.51656 15.787 0.007
2529.86082 15.676 0.006
2539.86081 15.670 0.006
2545.82861 15.673 0.006
2552.88655 15.675 0.006
2556.87522 15.666 0.006
2560.78448 15.669 0.006
2565.79304 15.668 0.006
2574.74308 15.671 0.006
2578.81146 15.667 0.006
2583.86609 15.676 0.006
2590.77985 15.667 0.006
2596.78796 15.669 0.006
2605.82777 15.664 0.006
2609.79281 15.671 0.006
2610.62496 15.669 0.006
2610.83696 15.667 0.006
2611.63717 15.674 0.006
2611.70756 15.682 0.007
2613.61839 15.667 0.006
2613.69623 15.668 0.007
2614.66639 15.671 0.006
2614.74977 15.667 0.006
2614.84136 15.673 0.006
2615.65045 15.677 0.006
2615.77257 15.668 0.005
2615.83026 15.663 0.005
2617.63913 15.668 0.007
2617.73353 15.677 0.006
2617.84200 15.664 0.006
2618.65585 15.663 0.006
2618.74943 15.665 0.006
2619.61242 15.656 0.006
2619.71914 15.668 0.005
2619.84355 15.668 0.006
2620.64231 15.667 0.006
2620.72754 15.660 0.006
2620.84423 15.667 0.006
2621.67628 15.662 0.005
2621.75202 15.668 0.006
2621.84523 15.661 0.006
2622.64233 15.667 0.006
2622.72370 15.669 0.006
2622.84458 15.664 0.006
2623.64105 15.668 0.006
2623.72913 15.672 0.006
2623.84042 15.663 0.006
2624.67161 15.675 0.006
2624.74272 15.666 0.006
2624.83750 15.668 0.006
2625.65660 15.656 0.006
2625.70850 15.667 0.006
2625.81865 15.663 0.006
2626.62545 15.668 0.006
2627.73322 15.676 0.007
2627.75514 15.674 0.006
2627.80708 15.676 0.007
2628.64998 15.670 0.006
2628.72704 15.669 0.006
2628.79419 15.673 0.006
2629.64572 15.666 0.006
2629.75407 15.663 0.006
2629.77608 15.662 0.006
2629.83380 15.663 0.006
2630.63358 15.679 0.006
2630.71313 15.665 0.006
2630.79345 15.668 0.006
2631.64508 15.675 0.006
2631.72784 15.675 0.006
2632.60104 15.669 0.006
2632.67589 15.661 0.006
2632.72778 15.660 0.005
2632.80833 15.668 0.006
2634.59982 15.668 0.006
2634.68986 15.668 0.006
2634.82375 15.663 0.006
2635.65007 15.677 0.006
2635.72737 15.665 0.006
2635.77649 15.667 0.006
2635.83032 15.668 0.006
2636.67787 15.674 0.006
2636.75828 15.669 0.006
2636.83800 15.670 0.006
2637.63994 15.684 0.006
2637.71855 15.667 0.006
2637.82165 15.677 0.006
2638.62121 15.674 0.006
2638.69433 15.661 0.006
2638.72214 15.665 0.006
2638.82160 15.680 0.006
2639.59431 15.667 0.006
2639.67464 15.670 0.005
2639.83067 15.665 0.005
2640.60325 15.669 0.006
2640.74526 15.662 0.006
2640.79099 15.679 0.007
2641.60339 15.669 0.006
2641.73974 15.671 0.006
2641.85058 15.669 0.006
2642.60150 15.667 0.006
2642.70331 15.662 0.006
2643.60841 15.662 0.006
2643.75202 15.669 0.006
2644.59107 15.669 0.006
2644.70154 15.665 0.006
2645.60582 15.672 0.023
2645.74303 15.662 0.006
2645.84939 15.662 0.006
2646.61179 15.658 0.006
2646.70793 15.657 0.006
2646.73593 15.662 0.006
2647.61095 15.665 0.006
2647.72075 15.658 0.006
2649.70048 15.665 0.005
2650.62830 15.667 0.006
2650.68980 15.671 0.006
2650.79961 15.669 0.006
2651.62428 15.669 0.006
2651.71496 15.656 0.006
2652.59059 15.671 0.006
2652.66953 15.665 0.006
2652.76708 15.654 0.006
2652.85358 15.659 0.006
2653.59835 15.652 0.006
2653.77134 15.668 0.006
2654.61631 15.668 0.006
2654.69412 15.671 0.006
2654.78259 15.671 0.006
2654.83473 15.660 0.006
2655.60273 15.666 0.006
2655.80171 15.655 0.006
2656.61415 15.674 0.006
2656.68807 15.660 0.006
2656.76317 15.662 0.006
2656.86043 15.664 0.006
2657.61656 15.659 0.006
2657.85309 15.664 0.006
2658.57811 15.667 0.006
2658.65048 15.658 0.006
2658.67760 15.652 0.006
2658.75860 15.666 0.007
2659.63531 15.664 0.006
2659.77128 15.667 0.007
2659.86290 15.671 0.007
2660.59080 15.658 0.006
2660.66967 15.651 0.006
2660.73653 15.657 0.006
2661.59588 15.655 0.005
2661.64965 15.661 0.005
2661.84883 15.664 0.006
2662.63457 15.658 0.006
2662.67992 15.657 0.006
2662.77019 15.662 0.006
2664.65923 15.667 0.006
2664.69687 15.667 0.006
2664.83478 15.673 0.007
2665.67972 15.649 0.005
2665.81674 15.661 0.006
2666.63846 15.664 0.005
2666.72478 15.666 0.005
2666.75680 15.667 0.005
2667.67394 15.659 0.006
2667.82884 15.669 0.006
2668.71564 15.664 0.006
2668.74832 15.650 0.006
2669.58786 15.665 0.006
2671.68390 15.652 0.006
2672.66104 15.660 0.006
2672.76053 15.659 0.006
2672.80938 15.657 0.006
2674.66594 15.652 0.006
2674.71522 15.658 0.006
2674.78798 15.652 0.006
2675.64063 15.654 0.006
2675.75147 15.649 0.006
2676.65069 15.651 0.006
2676.70025 15.668 0.006
2676.73147 15.662 0.006
2677.64772 15.655 0.006
2677.71012 15.662 0.006
2678.62445 15.650 0.006
2678.75614 15.654 0.006
2678.77677 15.650 0.006
2679.64496 15.646 0.006
2679.78087 15.661 0.006
2680.66348 15.648 0.005
2680.76692 15.650 0.005
2681.60438 15.650 0.006
2681.71587 15.654 0.006
2682.58179 15.669 0.006
2683.61690 15.657 0.006
2687.59670 15.664 0.006
2692.59540 15.668 0.006
2696.58662 15.650 0.006
2701.57830 15.645 0.006
2708.50797 15.650 0.007
2715.50357 15.657 0.007
2870.92186 15.650 0.006
2890.85636 15.653 0.007
2895.89226 15.641 0.006
2900.85412 15.645 0.006
2911.84194 15.649 0.006
2916.89280 15.647 0.006
2922.87808 15.640 0.006
2926.81102 15.639 0.006
2930.88550 15.647 0.006
2934.78003 15.643 0.006
2940.76059 15.648 0.006
2943.76480 15.640 0.006
2947.77345 15.659 0.006
2949.86346 15.646 0.006
2950.68724 15.643 0.006
2954.71059 15.647 0.006
2956.75589 15.652 0.006
2958.79759 15.647 0.006
2962.79474 15.628 0.005
2965.81778 15.643 0.006
2968.68548 15.654 0.006
2973.75895 15.642 0.006
2976.62542 15.643 0.006
2978.82647 15.646 0.006
2980.74146 15.636 0.006
2982.73474 15.647 0.006
2984.78110 15.652 0.006
2987.66248 15.654 0.006
2989.61756 15.658 0.006
2991.68456 15.655 0.006
2993.70491 15.649 0.006
2995.77975 15.654 0.006
2997.75035 15.643 0.006
2999.64999 15.642 0.005
3000.69893 15.649 0.006
3002.68669 15.646 0.006
3004.68805 15.641 0.005
3006.63157 15.647 0.006
3008.78646 15.650 0.006
3010.70603 15.649 0.006
3011.76099 15.655 0.006
3015.77857 15.652 0.006
3017.76627 15.659 0.006
3019.70050 15.661 0.005
3021.81298 15.656 0.006
3023.67503 15.653 0.005
3025.64643 15.666 0.005
3027.69202 15.657 0.005
3029.67695 15.653 0.006
3031.74699 15.652 0.006
3033.81055 15.655 0.005
3036.60904 15.661 0.006
3039.55095 15.658 0.006
3041.63589 15.658 0.007
3041.65897 15.657 0.006
3043.66968 15.663 0.006
3045.73255 15.661 0.006
3047.68617 15.668 0.006
3048.61740 15.665 0.005
3050.63439 15.654 0.005
3052.63584 15.653 0.006
3054.64026 15.656 0.006
3056.62842 15.655 0.005
3058.62235 15.651 0.006
3060.67198 15.657 0.006
3066.51823 15.672 0.007
3068.55782 15.651 0.006
3070.63006 15.654 0.006
3073.64991 15.656 0.006
3076.57374 15.654 0.006
3078.66051 15.658 0.006
3082.63752 15.660 0.005
3085.53997 15.658 0.006
3088.50294 15.656 0.006
3090.64465 15.654 0.006
3093.52723 15.647 0.006
3098.63656 15.639 0.006
3102.60725 15.651 0.006
3105.61299 15.653 0.006
3108.59094 15.656 0.005
3111.53931 15.668 0.006
3129.48161 15.672 0.006
3134.50247 15.654 0.006
3216.89632 15.667 0.006
3242.83109 15.651 0.006
3248.88390 15.653 0.006
3257.91598 15.663 0.006
3258.86050 15.661 0.005
3264.83155 15.647 0.005
3270.89828 15.645 0.005
3274.78366 15.659 0.006
3278.83862 15.635 0.005
3282.81477 15.651 0.005
3287.78817 15.665 0.005
3295.74581 15.660 0.005
3301.79939 15.673 0.006
3304.85965 15.657 0.005
3307.73329 15.660 0.006
3309.76543 15.662 0.005
3311.76340 15.648 0.005
3320.81102 15.655 0.005
3327.77896 15.660 0.005
3330.73732 15.654 0.006
3334.83681 15.641 0.006
3339.78463 15.655 0.005
3350.72099 15.644 0.005
3353.83091 15.657 0.005
3357.62122 15.662 0.005
3360.66006 15.653 0.005
3363.76831 15.656 0.005
3369.84562 15.657 0.005
3375.78193 15.653 0.005
3378.70749 15.650 0.005
3392.67219 15.660 0.005
3393.75328 15.651 0.006
3394.59057 15.661 0.006
3396.64142 15.663 0.005
3399.74403 15.665 0.006
3403.73140 15.654 0.005
3408.61582 15.650 0.005
3412.64995 15.629 0.006
3417.58795 15.655 0.005
3425.59609 15.667 0.006
3431.58410 15.653 0.005
3437.55960 15.657 0.005
3446.52866 15.662 0.005
3456.49014 15.650 0.006
3474.47676 15.660 0.006
3579.92359 15.668 0.006
3596.92992 15.670 0.005
3603.91687 15.668 0.005
3619.85724 15.665 0.005
3633.83852 15.654 0.005
3639.80390 15.658 0.005
3644.84106 15.662 0.005
3651.78352 15.667 0.005
3654.83125 15.670 0.005
3658.79489 15.649 0.005
3660.81970 15.660 0.006
3665.81369 15.666 0.005
3670.78341 15.668 0.005
3673.79350 15.657 0.005
3676.78545 15.667 0.005
3684.84763 15.655 0.005
3687.81999 15.664 0.005
3690.73990 15.650 0.005
3693.77391 15.659 0.005
3695.80662 15.656 0.005
3698.79832 15.670 0.005
3703.74751 15.667 0.005
3705.81468 15.660 0.005
3708.80300 15.656 0.005
3712.76053 15.666 0.005
3714.83130 15.665 0.005
3717.72371 15.650 0.005
3720.80957 15.663 0.006
3724.72942 15.656 0.005
3727.80124 15.654 0.005
3731.77030 15.664 0.005
3732.74699 15.666 0.005
3735.60979 15.669 0.005
3737.77968 15.655 0.005
3740.74160 15.656 0.005
3742.74891 15.665 0.006
3745.78485 15.667 0.005
3747.78747 15.672 0.006
3748.75464 15.662 0.006
3750.76422 15.659 0.005
3752.77490 15.659 0.005
3754.79269 15.655 0.005
3757.57363 15.666 0.005
3759.77871 15.655 0.005
3763.64936 15.671 0.005
3766.60706 15.655 0.005
3770.69231 15.655 0.005
3773.72634 15.661 0.005
3776.69709 15.671 0.006
3779.65135 15.657 0.006
3783.56795 15.657 0.005
3788.54067 15.659 0.005
3792.57815 15.654 0.005
3800.56001 15.668 0.005
3810.51802 15.657 0.006
3824.48821 15.641 0.006
3950.91185 15.662 0.005
3964.91062 15.660 0.005
3970.83406 15.665 0.005
3981.90408 15.658 0.005
3990.89284 15.654 0.005
3998.89664 15.643 0.005
4003.71033 15.647 0.005
4005.88603 15.646 0.005
4006.72824 15.663 0.005
4008.75244 15.664 0.005
4013.75298 15.658 0.005
4018.88482 15.656 0.005
4024.74955 15.654 0.005
4026.82254 15.673 0.005
4029.77175 15.647 0.005
4032.80259 15.663 0.006
4038.75435 15.668 0.005
4041.71433 15.671 0.005
4043.71928 15.660 0.005
4046.81087 15.670 0.006
4049.68180 15.650 0.005
4052.74314 15.649 0.005
4056.78911 15.654 0.005
4058.83625 15.653 0.005
4063.71905 15.661 0.005
4065.84226 15.648 0.005
4067.68413 15.662 0.005
4070.70640 15.665 0.005
4074.77511 15.668 0.005
4077.82253 15.659 0.005
4080.70047 15.662 0.005
4084.62878 15.654 0.005
4086.78453 15.650 0.005
4093.82589 15.649 0.005
4105.84411 15.659 0.005
4111.76319 15.655 0.005
4117.70361 15.671 0.005
4121.67881 15.658 0.005
4124.76160 15.651 0.005
4132.71972 15.658 0.006
4142.74141 15.646 0.007
4156.57651 15.651 0.006
4168.53696 15.656 0.006
4198.49109 15.637 0.006
4343.82705 15.640 0.006
4347.89414 15.653 0.006
4353.82735 15.648 0.006
4358.77875 15.654 0.007
4363.82126 15.656 0.006
4367.78104 15.649 0.006
4370.81787 15.657 0.006
4373.81731 15.656 0.006
4377.83631 15.652 0.006
4380.88099 15.660 0.006
4386.82684 15.649 0.006
4390.78883 15.654 0.006
4394.80643 15.657 0.006
4399.76303 15.653 0.006
4407.72599 15.655 0.006
4412.74960 15.649 0.006
4418.83514 15.657 0.005
4422.72726 15.651 0.006
4427.70289 15.641 0.006
4430.70616 15.651 0.006
4433.72382 15.653 0.006
4436.80520 15.653 0.006
4440.66606 15.655 0.006
4443.75853 15.639 0.006
4449.72118 15.651 0.006
4451.76077 15.650 0.006
4452.74005 15.648 0.006
4455.73022 15.656 0.006
4457.76041 15.656 0.006
4459.72511 15.665 0.006
4462.70292 15.656 0.006
4464.77325 15.662 0.006
4467.74901 15.662 0.006
4471.77625 15.662 0.006
4476.68982 15.655 0.005
4480.79332 15.666 0.005
4483.77839 15.679 0.006
4486.80788 15.663 0.006
4492.66564 15.664 0.006
4497.72768 15.656 0.006
4499.72354 15.665 0.006
4502.71053 15.642 0.006
4507.71341 15.671 0.006
4509.66512 15.666 0.006
4517.69249 15.664 0.007
4521.66136 15.657 0.006
4523.64637 15.649 0.006
4525.61103 15.650 0.006
4531.58701 15.656 0.005
4533.58938 15.663 0.006
4537.63945 15.663 0.006
4539.55855 15.667 0.006
4541.64070 15.649 0.006
4545.56814 15.646 0.006
4547.61784 15.653 0.006
4559.55853 15.680 0.006
4565.49933 15.661 0.006
4571.54812 15.664 0.006
4579.53300 15.663 0.006
4580.48519 15.657 0.006
4600.51019 15.663 0.006
4609.46328 15.655 0.007
4684.92948 15.658 0.006
4697.90829 15.661 0.006
4708.87936 15.652 0.006
4720.81777 15.658 0.005
4724.90398 15.658 0.006
4728.86533 15.666 0.006
4734.82658 15.652 0.005
4748.84974 15.658 0.005
4753.85007 15.665 0.006
4757.79822 15.654 0.006
4760.79986 15.652 0.005
4763.85884 15.668 0.006
4769.72908 15.679 0.006
4772.74764 15.675 0.005
4775.77868 15.665 0.006
4777.79185 15.671 0.006
4781.85004 15.672 0.006
4784.74244 15.653 0.006
4788.83934 15.663 0.005
4792.73522 15.672 0.005
4794.83274 15.666 0.006
4797.84048 15.656 0.006
4799.73417 15.657 0.006
4801.66711 15.653 0.005
4803.66276 15.668 0.006
4805.76103 15.655 0.005
4808.66141 15.664 0.006
4810.75336 15.664 0.005
4813.73842 15.664 0.006
4815.72226 15.656 0.006
4817.71984 15.662 0.005
4819.72878 15.657 0.005
4822.70868 15.654 0.005
4824.70580 15.669 0.005
4826.73969 15.663 0.006
4833.74208 15.673 0.005
4835.75251 15.664 0.005
4838.75717 15.678 0.005
4840.74017 15.663 0.006
4842.72820 15.653 0.006
4844.72448 15.666 0.006
4846.75651 15.678 0.006
4848.78039 15.655 0.005
4853.80216 15.654 0.005
4856.74022 15.674 0.006
4861.69307 15.661 0.006
4865.62377 15.674 0.005
4868.74901 15.682 0.006
4870.72160 15.673 0.006
4873.73967 15.667 0.006
4875.71132 15.675 0.005
4877.65843 15.679 0.005
4879.71483 15.666 0.006
4885.63009 15.666 0.006
4889.60372 15.665 0.005
4896.59994 15.671 0.006
4900.63839 15.666 0.006
4907.59568 15.673 0.006
4917.57552 15.670 0.005
4921.54731 15.673 0.006
4927.54277 15.673 0.006
4932.52333 15.690 0.007
4936.54995 15.673 0.006
4940.56484 15.662 0.006
4945.53157 15.671 0.005
4950.51667 15.670 0.006
4955.50682 15.633 0.005
