2184.81184 19.181 0.078
2188.86239 19.270 0.096
2191.77255 19.153 0.049
2200.79366 18.975 0.045
2206.72879 19.035 0.075
2216.85289 19.130 0.056
2223.71754 19.217 0.071
2226.69366 19.074 0.069
2228.73741 18.772 0.044
2230.64896 19.036 0.057
2232.67073 19.164 0.065
2234.66350 18.924 0.050
2238.60796 18.776 0.053
2240.73449 19.145 0.063
2244.79615 19.252 0.088
2249.66442 18.725 0.037
2252.62788 18.752 0.048
2253.65230 19.346 0.065
2256.65687 18.691 0.048
2259.65142 18.793 0.040
2262.65663 18.951 0.058
2264.64032 19.123 0.062
2269.71776 18.971 0.053
2272.62253 18.899 0.046
2276.63329 18.984 0.057
2279.62777 19.011 0.042
2281.67519 19.079 0.045
2283.71082 19.021 0.044
2288.69635 18.949 0.045
2290.73420 19.015 0.050
2292.70435 19.316 0.084
2294.67506 18.890 0.052
2296.69399 19.114 0.079
2298.71554 18.835 0.048
2300.66719 19.021 0.057
2302.64082 19.305 0.065
2315.56879 18.676 0.057
2322.54666 18.791 0.052
2325.56035 18.840 0.062
2330.56905 19.110 0.075
2337.52088 18.994 0.071
2343.51690 18.982 0.066
2353.51110 18.760 0.065
2370.51582 18.852 0.067
2403.49440 19.019 0.106
2518.92031 19.129 0.077
2526.84999 18.864 0.042
2540.85817 18.826 0.073
2544.77832 18.952 0.065
2550.89616 19.030 0.104
2554.86148 18.818 0.044
2554.86574 18.932 0.050
2558.87255 18.821 0.049
2562.89345 18.774 0.074
2571.81855 18.865 0.056
2577.75724 19.089 0.063
2580.78599 19.106 0.053
2588.82316 19.070 0.054
2593.81230 18.717 0.046
2599.73218 18.741 0.056
2607.69040 19.139 0.062
2617.67969 19.183 0.075
2620.62320 18.945 0.056
2622.79898 19.196 0.078
2624.79362 18.721 0.042
2626.60687 18.917 0.061
2629.60349 18.953 0.063
2631.78763 18.747 0.065
2637.59559 18.726 0.039
2640.63523 18.977 0.069
2642.63346 19.134 0.056
2644.62368 18.747 0.050
2649.64694 19.195 0.057
2651.69578 18.779 0.046
2654.64841 18.945 0.069
2656.72667 19.097 0.106
2658.71248 18.918 0.081
2661.72779 18.952 0.058
2663.63148 19.244 0.078
2665.66100 18.835 0.048
2667.62194 19.038 0.056
2669.66409 18.676 0.052
2671.59241 18.851 0.041
2673.59946 19.092 0.073
2675.59904 18.819 0.054
2677.59689 19.137 0.082
2679.62380 18.728 0.052
2681.64529 19.151 0.087
2685.58494 18.996 0.079
2694.53691 19.269 0.073
2698.59871 19.204 0.094
2704.58126 19.345 0.087
2711.53645 19.074 0.079
2731.49051 18.680 0.057
2879.88339 18.953 0.053
2884.82929 19.204 0.059
2888.86200 19.163 0.052
2893.85338 18.968 0.069
2897.81500 18.843 0.070
2903.86096 19.073 0.049
2906.80964 19.180 0.074
2910.78278 18.980 0.057
2915.78676 19.027 0.048
2921.78860 18.851 0.050
2924.87833 19.021 0.063
2929.87606 18.757 0.042
2932.84418 18.756 0.052
2941.82063 18.999 0.046
2943.69534 19.159 0.078
2946.72208 18.910 0.057
2949.70564 18.714 0.045
2952.69667 18.893 0.057
2955.75833 19.094 0.069
2957.69087 19.106 0.058
2960.71181 18.922 0.045
2963.69855 18.698 0.045
2966.66405 18.877 0.066
2968.82705 19.272 0.057
2971.83440 18.729 0.037
2975.63267 19.040 0.058
2983.66854 18.853 0.057
2985.84960 18.676 0.045
2988.61328 19.082 0.056
2990.80464 19.074 0.057
2994.73103 18.919 0.042
2997.61397 18.825 0.041
2999.63357 19.074 0.054
3001.61147 18.724 0.036
3003.64045 18.980 0.061
3005.66986 18.778 0.074
3007.62248 19.075 0.052
3009.62026 19.183 0.074
3011.65250 18.893 0.059
3013.62797 19.117 0.057
3016.62845 19.088 0.056
3018.61358 18.754 0.053
3020.65472 19.155 0.041
3022.68670 18.876 0.039
3024.66876 19.084 0.071
3026.63784 18.934 0.037
3028.64322 18.971 0.041
3030.67854 19.245 0.056
3032.78229 19.060 0.045
3035.60691 18.879 0.045
3037.61365 19.088 0.050
3040.58495 19.111 0.079
3042.57301 18.885 0.061
3045.58188 18.987 0.044
3047.53370 19.096 0.070
3049.53923 18.852 0.045
3051.53282 19.142 0.061
3053.52533 18.698 0.042
3055.52809 19.056 0.057
3057.52347 19.284 0.069
3059.52603 18.902 0.052
3060.51964 18.705 0.046
3061.52075 19.089 0.063
3064.53319 19.101 0.077
3067.53079 18.762 0.045
3069.51510 18.967 0.057
3072.50953 19.114 0.071
3075.51476 19.248 0.083
3077.59995 18.894 0.058
3081.59116 18.768 0.040
3083.59826 18.931 0.071
3086.53412 19.014 0.081
3089.52147 18.993 0.056
3092.50411 19.255 0.121
3098.50118 18.836 0.066
3101.52267 18.970 0.074
3104.49412 19.037 0.067
3108.49117 18.851 0.053
3112.48648 18.838 0.074
3115.51318 18.896 0.066
3123.49205 18.924 0.079
3132.49218 19.248 0.123
3230.86448 18.760 0.036
3246.88031 19.094 0.065
3251.91115 18.775 0.036
3254.86805 18.877 0.063
3261.90093 18.857 0.045
3272.88059 18.811 0.048
3280.87901 19.232 0.061
3283.81931 19.369 0.061
3289.73228 19.098 0.045
3294.73894 19.134 0.048
3296.68738 19.324 0.053
3298.76847 18.949 0.040
3303.73164 19.069 0.065
3306.73311 18.789 0.045
3308.74971 19.134 0.073
3310.78220 18.696 0.040
3314.70340 19.070 0.070
3321.62395 19.166 0.057
3328.83323 18.833 0.036
3335.83722 18.867 0.065
3336.70142 19.043 0.066
3340.82264 19.095 0.063
3349.64541 19.089 0.049
3353.63823 18.959 0.040
3356.63188 19.100 0.046
3360.64512 18.926 0.050
3369.66373 18.933 0.046
3377.62474 19.192 0.054
3381.62331 19.076 0.049
3386.63513 18.687 0.029
3390.63814 19.165 0.057
3398.61566 19.211 0.070
3400.60116 18.821 0.061
3403.60988 18.893 0.053
3406.53938 18.835 0.042
3410.56291 18.753 0.033
3415.53885 19.177 0.057
3421.60831 18.657 0.033
3429.56039 19.173 0.061
3434.54847 18.800 0.037
3442.52022 19.211 0.067
3450.52198 19.065 0.065
3569.93180 18.902 0.059
3592.88410 19.043 0.037
3608.89091 18.711 0.036
3614.87376 19.000 0.040
3621.90624 18.916 0.040
3628.88568 18.950 0.048
3633.75674 19.082 0.077
3639.76242 18.903 0.036
3641.75631 18.944 0.049
3646.81737 18.792 0.050
3652.86903 19.067 0.046
3656.80758 18.871 0.037
3661.74298 19.144 0.073
3665.74634 19.168 0.067
3671.71226 19.156 0.057
3674.83438 18.698 0.032
3683.75023 18.943 0.037
3686.79630 19.053 0.042
3689.71319 19.105 0.048
3692.63482 19.198 0.067
3695.70027 19.188 0.053
3698.65250 19.194 0.081
3700.69736 18.933 0.037
3702.78354 18.794 0.035
3705.68933 18.922 0.037
3707.65703 18.991 0.052
3713.62859 19.085 0.049
3716.70314 19.184 0.074
3720.64851 19.107 0.052
3724.70430 19.060 0.050
3727.61505 19.080 0.054
3731.61664 19.016 0.044
3736.62726 18.753 0.032
3739.60189 18.781 0.048
3742.65250 18.859 0.053
3745.74118 19.060 0.056
3748.60151 19.125 0.102
3750.62742 18.860 0.053
3752.58207 18.891 0.058
3755.59386 18.959 0.054
3758.59849 19.060 0.052
3760.73332 18.982 0.054
3762.61059 19.116 0.058
3766.59205 18.956 0.044
3769.59307 19.166 0.057
3772.61767 19.084 0.045
3775.58893 19.081 0.063
3778.58962 19.150 0.063
3781.60066 18.840 0.056
3785.57318 19.045 0.062
3790.54206 18.995 0.054
3796.58246 19.037 0.049
3804.51823 18.920 0.059
3816.52339 18.906 0.054
3935.91359 19.089 0.049
3960.86779 19.020 0.050
3967.89717 19.047 0.039
3973.89263 19.164 0.045
3979.87067 18.825 0.045
3987.82279 19.055 0.053
3994.87541 19.226 0.062
4004.75775 19.093 0.042
4008.71280 18.919 0.037
4011.87590 19.355 0.070
4016.88451 19.152 0.070
4021.83127 19.195 0.057
4025.84315 19.089 0.052
4028.75316 19.262 0.059
4030.82486 18.932 0.040
4037.72452 18.764 0.033
4040.71940 18.893 0.041
4042.73572 19.250 0.059
4045.83507 18.644 0.058
4048.69874 18.836 0.041
4053.74095 19.072 0.049
4057.66954 19.082 0.073
4065.62607 18.865 0.039
4068.64171 18.708 0.029
4070.63821 19.078 0.050
4073.79757 18.788 0.050
4077.65092 19.230 0.070
4080.63281 19.235 0.067
4084.66450 19.131 0.063
4092.74125 19.042 0.040
4100.80152 18.844 0.032
4107.64392 18.726 0.042
4117.60944 18.983 0.065
4121.61038 18.875 0.052
4123.58716 18.950 0.044
4125.69853 18.755 0.048
4129.67102 19.221 0.056
4144.54237 18.909 0.050
4153.52584 19.187 0.078
4161.56384 19.060 0.088
4176.50540 18.710 0.054
4345.83274 18.912 0.063
4349.89381 18.896 0.052
4355.80784 18.964 0.062
4361.79359 19.023 0.092
4364.77770 19.226 0.074
4368.87707 19.244 0.104
4371.74057 19.178 0.070
4376.75987 19.039 0.066
4379.76556 18.964 0.056
4383.77042 19.036 0.069
4387.86532 19.017 0.046
4391.87101 18.868 0.045
4397.74270 18.955 0.053
4402.82128 18.681 0.044
4406.77157 19.146 0.075
4409.84069 18.734 0.039
4416.70791 19.121 0.058
4420.82045 19.221 0.063
4424.84016 19.102 0.081
4428.81865 19.253 0.100
4431.74340 19.078 0.067
4435.71330 18.968 0.067
4438.83994 18.982 0.075
4441.81141 19.225 0.086
4444.65389 18.977 0.061
4450.66758 18.639 0.052
4453.65103 18.752 0.046
4456.65502 19.029 0.071
4458.63943 19.108 0.075
4462.65410 18.945 0.057
4467.63617 18.785 0.048
4471.62459 19.007 0.044
4474.80870 18.799 0.053
4478.66381 18.772 0.053
4482.68859 19.178 0.066
4485.67035 18.865 0.052
4487.66732 19.021 0.083
4492.72932 18.815 0.053
4497.66022 19.056 0.057
4499.68265 18.729 0.046
4502.60158 18.683 0.041
4507.57755 19.109 0.054
4509.57063 18.890 0.074
4515.53686 19.045 0.104
4520.52574 19.140 0.083
4523.54930 19.004 0.059
4525.52148 19.034 0.065
4531.51857 19.129 0.067
4537.51244 19.276 0.088
4540.51101 18.729 0.066
