2171.84935 19.107 0.063
2183.80871 19.001 0.076
2184.80825 19.100 0.075
2188.85880 19.260 0.099
2191.76896 19.109 0.048
2200.79035 18.983 0.046
2206.72549 19.208 0.087
2216.84958 19.040 0.055
2223.71424 19.066 0.059
2226.69035 19.075 0.062
2228.73411 18.921 0.047
2230.64568 19.015 0.052
2232.66744 19.051 0.056
2234.66020 19.075 0.064
2238.60467 19.104 0.068
2240.73120 19.125 0.064
2242.74210 19.181 0.078
2244.79287 19.065 0.067
2249.66112 19.123 0.054
2251.85851 19.050 0.093
2253.64900 19.136 0.054
2256.65359 19.139 0.070
2259.64814 19.020 0.050
2262.65333 19.114 0.067
2269.66053 18.902 0.068
2272.61923 18.967 0.050
2276.62999 19.160 0.064
2279.62447 19.025 0.048
2281.67187 19.143 0.047
2283.70752 18.950 0.043
2288.69303 19.209 0.052
2290.73092 18.928 0.050
2292.70103 19.171 0.071
2294.67168 19.123 0.067
2296.69063 18.913 0.071
2298.71217 19.186 0.066
2300.66384 18.980 0.056
2302.63744 18.924 0.050
2315.56542 19.068 0.066
2322.54306 18.957 0.058
2325.55673 19.144 0.075
2330.56547 18.923 0.062
2337.51729 19.079 0.080
2343.51330 18.914 0.066
2353.50750 19.027 0.083
2403.49075 19.087 0.107
2518.91670 18.974 0.059
2526.84636 19.139 0.051
2540.85460 19.257 0.100
2544.77472 18.950 0.060
2550.89257 19.051 0.091
2554.85789 19.050 0.051
2558.86898 19.193 0.068
2562.88984 19.030 0.071
2571.81520 19.196 0.080
2577.75387 19.243 0.074
2580.78265 18.949 0.047
2588.81960 19.089 0.052
2593.80873 18.974 0.058
2599.72864 18.939 0.060
2607.68686 18.999 0.056
2617.67620 19.011 0.064
2620.61973 19.113 0.056
2622.79549 19.092 0.064
2624.79013 18.934 0.046
2626.60352 18.975 0.071
2629.60015 18.904 0.055
2631.78414 19.036 0.079
2634.55438 19.086 0.051
2640.63188 18.941 0.058
2642.63010 19.040 0.051
2644.62033 18.986 0.054
2649.64346 19.110 0.054
2651.69228 18.899 0.048
2654.64508 18.866 0.059
2656.71931 19.099 0.115
2658.70912 18.835 0.071
2661.72444 19.067 0.060
2663.62811 19.167 0.074
2665.65763 18.944 0.043
2667.61858 19.010 0.050
2669.66072 19.140 0.067
2671.58826 18.914 0.043
2673.59610 19.197 0.082
2675.59567 18.962 0.051
2677.59352 19.045 0.075
2679.62041 19.032 0.059
2681.64177 19.076 0.064
2685.58141 18.918 0.071
2690.53563 19.095 0.074
2694.53337 19.118 0.064
2704.57770 19.003 0.063
2711.53290 19.086 0.074
2731.48695 18.965 0.074
2879.87983 18.981 0.051
2884.82574 19.212 0.056
2888.85845 19.215 0.060
2893.84985 18.940 0.070
2897.81146 19.063 0.074
2903.85742 19.036 0.046
2906.80613 18.990 0.046
2915.78325 19.154 0.052
2921.78508 19.206 0.070
2924.87481 19.041 0.056
2929.87254 19.092 0.048
2932.84067 19.016 0.052
2941.81665 18.948 0.040
2943.69184 18.994 0.060
2946.71860 19.037 0.068
2949.70161 19.016 0.055
2952.69319 19.100 0.068
2955.75485 19.039 0.072
2957.68738 19.107 0.060
2960.70831 19.005 0.051
2963.69506 18.959 0.058
2966.66053 18.945 0.060
2968.82358 19.088 0.050
2971.83090 19.134 0.056
2975.62919 19.117 0.063
2979.75740 19.050 0.051
2983.66506 19.089 0.064
2985.84612 19.258 0.071
2988.60944 19.095 0.055
2990.80115 18.968 0.050
2992.62565 19.261 0.078
2994.72756 19.162 0.056
2997.61048 19.018 0.048
2999.63009 19.137 0.062
3001.60801 18.931 0.046
3003.63698 19.208 0.060
3005.66638 19.058 0.092
3007.61900 19.063 0.048
3009.61677 19.117 0.084
3011.64900 19.148 0.066
3013.62450 19.101 0.054
3016.62497 19.071 0.063
3018.61010 18.916 0.048
3020.65121 19.034 0.038
3022.68322 19.112 0.046
3024.66526 19.138 0.064
3026.63433 18.999 0.039
3028.63976 19.129 0.044
3030.67503 18.974 0.043
3032.77879 19.049 0.042
3035.60341 19.024 0.047
3037.60592 19.074 0.047
3040.58146 19.062 0.079
3042.56952 19.037 0.075
3045.57837 19.064 0.046
3047.53020 19.119 0.071
3049.53573 18.888 0.047
3051.52928 19.080 0.058
3053.52181 19.063 0.062
3055.52396 18.902 0.048
3057.51995 19.159 0.058
3059.52252 19.017 0.062
3060.51613 19.048 0.062
3061.51723 19.038 0.060
3064.52012 19.100 0.067
3067.52727 19.044 0.055
3069.51155 18.891 0.052
3071.67320 19.087 0.112
3075.51122 19.086 0.072
3077.59639 18.978 0.063
3081.58760 18.974 0.055
3083.59473 19.206 0.082
3086.53058 19.012 0.074
3089.51794 19.195 0.062
3098.49761 19.278 0.103
3101.51910 18.970 0.072
3104.49059 18.915 0.059
3108.48759 19.104 0.068
3112.48291 19.241 0.101
3115.50963 18.927 0.067
3123.48845 19.242 0.088
3132.48456 19.064 0.086
3230.86092 18.951 0.040
3246.87678 19.192 0.067
3251.90762 19.021 0.046
3254.86452 19.057 0.067
3261.89740 19.068 0.052
3272.87710 19.110 0.062
3275.87594 19.062 0.093
3280.87549 19.024 0.044
3283.81579 19.089 0.047
3289.72878 19.222 0.052
3294.73544 18.985 0.044
3296.68385 19.058 0.048
3298.76421 18.976 0.042
3300.82083 19.065 0.052
3303.72815 19.199 0.070
3306.72963 19.055 0.055
3308.74620 19.004 0.059
3310.77871 19.166 0.055
3314.69990 18.941 0.059
3321.62048 19.001 0.050
3328.82973 19.058 0.039
3335.83374 19.154 0.091
3336.69792 18.891 0.055
3340.81916 18.900 0.048
3349.64194 18.796 0.044
3353.63474 19.055 0.044
3356.62843 18.919 0.040
3360.64165 19.027 0.047
3369.66027 19.168 0.056
3377.62126 18.987 0.052
3381.61981 18.963 0.044
3386.63165 19.072 0.038
3390.63465 18.986 0.047
3398.61217 19.062 0.062
3400.59761 18.841 0.067
3403.60638 19.064 0.060
3406.53585 18.958 0.050
3410.55944 18.951 0.038
3415.53538 19.219 0.071
3421.60483 18.883 0.040
3429.55688 19.060 0.052
3434.54495 18.955 0.040
3442.51671 19.131 0.068
3450.51849 19.047 0.062
3569.92822 19.158 0.067
3592.88055 18.909 0.035
3608.88738 19.218 0.058
3614.87025 19.061 0.043
3621.90273 19.128 0.050
3628.88216 19.102 0.059
3639.75892 18.954 0.039
3641.75283 19.187 0.058
3646.81386 18.964 0.063
3652.86557 19.129 0.046
3656.80414 19.010 0.044
3661.73952 19.106 0.078
3665.74290 19.105 0.079
3671.70878 19.184 0.055
3674.83093 18.858 0.038
3683.74677 19.071 0.040
3686.79285 19.227 0.051
3689.70973 19.089 0.050
3692.63137 19.056 0.064
3695.69682 19.068 0.050
3698.64905 19.313 0.099
3700.69391 18.935 0.044
3702.78010 18.907 0.036
3705.68588 19.094 0.044
3707.65359 18.996 0.052
3713.62515 19.003 0.043
3716.69969 19.056 0.064
3720.64505 18.988 0.048
3724.70085 19.002 0.048
3727.61159 18.952 0.051
3731.61320 19.041 0.044
3736.62381 19.143 0.043
3739.59843 19.071 0.051
3742.64904 18.937 0.059
3745.73775 19.089 0.054
3748.59807 18.973 0.068
3750.62395 19.054 0.068
3752.57857 19.190 0.071
3755.59041 19.022 0.063
3758.59444 18.918 0.048
3760.72985 19.009 0.054
3762.60712 18.989 0.043
3766.58861 19.055 0.048
3769.58962 18.995 0.044
3772.61415 18.949 0.036
3775.58547 18.934 0.063
3778.58614 19.111 0.064
3781.59718 19.112 0.068
3785.56972 19.147 0.064
3790.53856 19.143 0.059
3796.57898 18.903 0.042
3804.51472 19.248 0.079
3816.51989 19.128 0.067
3960.86430 18.983 0.048
3967.89371 18.996 0.040
3973.88916 19.028 0.042
3979.86721 19.140 0.059
3987.81931 18.943 0.054
3994.87196 18.946 0.048
4001.75159 19.117 0.076
4004.75431 19.115 0.046
4008.70933 19.217 0.040
4011.87249 19.087 0.044
4016.88108 19.027 0.063
4025.83975 18.992 0.047
4028.74975 19.005 0.051
4045.83165 18.903 0.072
4053.73754 19.081 0.050
4057.66614 19.301 0.097
4065.62268 18.995 0.048
4068.63831 18.993 0.039
4070.63479 19.179 0.060
4073.79417 19.091 0.062
4077.64752 19.080 0.060
4080.62942 19.044 0.062
4084.66110 19.157 0.056
4092.73786 19.091 0.039
4100.79814 19.216 0.042
4107.64053 19.212 0.067
4117.60603 19.083 0.076
4121.60697 19.233 0.072
4123.58373 18.949 0.044
4125.69508 19.089 0.066
4129.66759 19.151 0.054
4144.53890 18.995 0.052
4160.58844 19.001 0.088
4176.50193 19.132 0.067
4310.94477 19.035 0.071
4345.82926 18.874 0.056
4349.89032 18.901 0.050
4355.80437 18.843 0.050
4361.79015 19.023 0.078
4364.77425 19.144 0.070
4368.87362 19.185 0.101
4371.73710 19.077 0.070
4376.75639 19.069 0.071
4379.76213 18.975 0.063
4383.76698 18.960 0.063
4397.73927 19.029 0.054
4409.83727 19.141 0.056
4416.70450 19.011 0.051
4435.70802 19.069 0.074
4438.83652 18.983 0.086
4444.65049 19.036 0.063
4450.66417 18.946 0.070
4453.64763 19.009 0.068
4456.65161 19.100 0.074
4458.63603 19.148 0.071
4462.65072 19.093 0.060
4467.63277 19.028 0.055
4471.62118 18.908 0.039
4478.66042 18.942 0.058
4482.68519 18.921 0.055
4485.66695 19.053 0.060
4487.66388 19.264 0.095
4497.65696 19.111 0.059
4502.59831 18.944 0.047
4507.57426 19.200 0.059
4509.56736 18.924 0.075
4515.53344 18.760 0.075
4523.54585 19.116 0.062
4525.51804 19.012 0.068
4531.51513 19.066 0.060
4537.50898 19.110 0.079
4540.50755 19.177 0.099
