2171.86025 19.144 0.070
2184.81907 18.835 0.064
2188.86966 18.994 0.079
2191.78070 18.782 0.041
2200.80028 18.498 0.033
2206.73541 19.046 0.086
2216.86528 19.096 0.065
2223.72415 19.030 0.062
2226.70028 18.892 0.062
2228.74403 18.945 0.056
2230.65552 18.723 0.055
2232.67735 18.870 0.053
2234.67007 18.794 0.052
2238.61456 18.542 0.045
2240.74623 18.732 0.048
2242.75197 18.842 0.073
2244.80275 18.782 0.067
2249.67100 18.992 0.051
2252.63445 19.188 0.076
2253.65889 19.004 0.055
2256.66348 19.048 0.066
2259.65801 19.034 0.054
2262.66320 19.037 0.060
2269.72435 18.958 0.066
2272.62913 18.884 0.051
2276.63988 18.937 0.085
2279.63934 18.741 0.039
2281.68716 18.791 0.038
2283.71741 18.861 0.040
2288.70294 18.745 0.040
2290.74081 18.834 0.048
2292.71097 18.603 0.052
2294.68179 18.596 0.048
2296.70073 18.667 0.063
2298.72226 18.587 0.044
2300.67390 18.683 0.049
2302.64754 19.197 0.076
2315.57556 19.000 0.087
2322.55390 18.764 0.051
2325.56765 18.769 0.063
2330.57636 18.566 0.054
2337.52818 18.625 0.051
2343.52642 19.100 0.077
2353.52028 19.132 0.101
2370.52314 18.744 0.068
2519.88522 18.651 0.045
2526.85729 18.553 0.033
2540.86542 19.048 0.096
2544.78560 19.011 0.074
2554.87810 19.055 0.057
2558.87980 19.002 0.079
2571.82531 18.601 0.052
2577.76397 19.180 0.073
2580.79276 18.954 0.050
2588.83035 19.149 0.057
2593.81949 19.026 0.060
2599.73934 18.898 0.061
2607.70360 18.746 0.044
2620.63026 19.042 0.059
2622.80602 18.655 0.050
2624.80067 18.565 0.037
2626.61358 19.121 0.075
2629.61019 19.009 0.067
2634.56439 18.984 0.051
2637.60227 18.965 0.048
2640.64194 19.103 0.075
2642.64017 18.945 0.055
2644.63041 18.922 0.057
2649.65400 18.876 0.049
2651.70287 18.934 0.055
2654.65512 18.639 0.059
2656.73338 18.915 0.077
2658.72299 18.820 0.081
2661.73452 18.728 0.052
2663.63820 18.396 0.037
2665.66775 18.485 0.031
2667.62865 18.611 0.046
2669.67484 18.420 0.046
2671.60385 19.073 0.060
2673.60776 19.088 0.079
2675.60577 19.013 0.064
2677.60363 19.177 0.094
2679.63056 18.979 0.067
2681.65238 19.129 0.081
2685.59210 19.150 0.103
2690.54628 18.920 0.071
2694.54403 18.836 0.055
2698.60585 18.825 0.072
2704.58842 18.710 0.045
2711.54359 18.636 0.054
2731.49777 19.089 0.085
2879.89061 19.025 0.059
2884.83649 18.736 0.044
2888.86920 18.698 0.035
2893.86054 18.725 0.059
2897.82218 18.405 0.048
2903.86812 18.409 0.028
2906.81680 19.106 0.060
2910.78988 19.009 0.057
2915.79385 19.062 0.046
2921.79574 18.984 0.055
2924.88545 19.139 0.087
2929.88317 18.999 0.074
2932.85125 18.869 0.062
2941.82801 18.729 0.041
2943.70242 19.017 0.065
2946.72914 19.018 0.066
2949.71280 19.146 0.066
2952.70374 19.107 0.066
2955.76537 19.073 0.088
2957.69792 19.023 0.059
2963.70558 18.941 0.061
2966.67107 19.023 0.083
2968.83411 19.075 0.056
2971.84626 19.019 0.060
2975.64522 18.666 0.044
2979.76791 18.820 0.049
2983.67559 18.538 0.044
2985.85661 19.016 0.076
2988.62048 19.181 0.064
2990.81169 18.770 0.043
2994.73806 18.522 0.035
2997.62282 19.012 0.048
2999.64061 19.013 0.059
3001.61852 18.986 0.048
3003.64750 19.047 0.062
3005.67690 19.012 0.085
3007.62950 19.055 0.053
3009.62731 18.987 0.073
3011.65954 19.064 0.074
3013.63502 19.029 0.063
3016.63549 18.894 0.053
3018.62064 18.799 0.056
3020.66176 18.905 0.043
3022.69375 18.872 0.043
3024.67582 18.855 0.061
3026.64491 18.729 0.034
3028.65032 18.665 0.035
3030.68564 18.727 0.038
3032.78938 18.954 0.050
3035.61399 18.428 0.035
3037.62076 18.493 0.038
3040.61831 18.882 0.072
3042.58011 18.900 0.076
3045.58896 19.184 0.061
3047.54081 19.119 0.087
3049.54631 18.998 0.064
3051.53994 18.954 0.055
3053.53693 18.942 0.053
3055.53519 18.925 0.055
3057.53509 18.890 0.049
3059.53319 18.864 0.050
3060.52678 18.856 0.054
3061.52786 18.907 0.054
3064.54033 18.810 0.059
3067.53793 18.669 0.044
3069.52223 18.613 0.045
3072.51668 18.502 0.046
3075.52191 18.374 0.043
3077.60707 18.711 0.057
3081.59832 18.477 0.035
3083.60543 18.491 0.040
3086.54274 19.076 0.089
3089.52865 19.099 0.062
3092.51130 19.018 0.093
3098.50837 19.110 0.088
3101.52985 19.137 0.093
3104.50133 19.138 0.081
3108.49835 19.003 0.065
3112.49371 18.845 0.063
3115.52042 18.732 0.057
3123.49930 18.703 0.072
3133.47305 19.136 0.093
3230.87170 19.162 0.054
3246.88751 19.102 0.076
3254.87525 18.852 0.055
3261.90806 18.941 0.063
3272.88772 18.622 0.042
3275.88665 18.612 0.051
3280.88613 18.901 0.051
3283.82643 19.212 0.049
3289.73936 18.947 0.056
3294.74600 18.792 0.046
3296.69446 18.934 0.044
3298.77553 18.801 0.033
3303.73867 18.757 0.055
3306.74013 18.618 0.040
3308.75675 18.593 0.048
3310.78926 18.661 0.043
3314.71049 18.924 0.063
3321.63099 18.994 0.056
3328.84027 18.732 0.035
3335.85051 19.071 0.090
3340.82968 18.957 0.061
3349.65243 18.656 0.039
3353.64526 18.578 0.033
3356.63893 18.515 0.031
3360.65214 18.731 0.042
3369.67075 19.202 0.063
3377.63180 19.123 0.053
3381.63040 19.055 0.053
3386.64218 18.981 0.042
3390.64521 18.832 0.049
3398.62275 18.658 0.053
3400.60826 18.579 0.050
3403.61701 18.580 0.046
3406.54646 18.917 0.045
3410.56994 19.054 0.046
3415.55000 19.073 0.059
3421.61536 18.969 0.052
3429.56747 18.972 0.054
3434.55552 18.956 0.045
3442.52732 18.651 0.045
3450.52911 18.349 0.038
3569.93897 19.004 0.078
3592.89121 18.461 0.026
3608.89803 19.063 0.052
3614.88087 19.026 0.046
3621.91332 19.070 0.064
3628.89275 18.812 0.050
3633.76384 18.364 0.045
3639.76950 18.877 0.038
3641.76336 19.103 0.053
3646.82441 18.900 0.060
3652.87606 18.991 0.050
3656.81465 19.054 0.055
3661.75001 19.008 0.068
3665.75337 18.886 0.055
3671.71928 18.866 0.046
3674.84139 18.902 0.043
3683.75719 18.605 0.030
3686.80326 18.623 0.033
3689.72019 19.045 0.049
3692.64178 19.257 0.079
3695.70726 19.238 0.072
3698.65944 19.027 0.078
3700.70436 19.037 0.043
3702.79195 19.074 0.045
3705.69627 18.967 0.044
3707.67402 18.983 0.057
3713.63558 18.720 0.039
3716.71009 18.780 0.057
3720.65652 18.651 0.037
3724.71314 18.739 0.043
3727.62202 18.454 0.042
3731.62363 18.857 0.040
3736.63425 19.041 0.046
3739.60890 19.237 0.071
3742.65949 19.089 0.073
3745.74820 19.238 0.061
3748.60847 19.341 0.119
3750.63439 19.227 0.077
3752.58905 18.967 0.050
3755.60086 18.905 0.052
3758.60550 18.813 0.044
3760.74033 19.053 0.065
3762.61762 18.828 0.044
3766.59910 18.732 0.035
3769.60010 18.697 0.040
3772.62470 18.670 0.034
3775.59595 18.555 0.040
3778.59666 18.619 0.042
3781.60772 18.795 0.056
3785.58031 19.050 0.065
3790.54911 19.021 0.059
3796.58951 19.000 0.050
3804.52532 18.790 0.057
3816.53053 18.615 0.048
3935.92077 18.999 0.048
3960.87483 18.541 0.038
3967.90420 18.427 0.026
3973.89965 19.011 0.043
3979.88360 18.870 0.050
3987.82976 18.982 0.052
3994.88239 18.913 0.053
4004.76475 18.626 0.031
4008.71976 18.982 0.038
4011.88283 18.672 0.041
4016.89145 18.418 0.046
4021.83984 19.190 0.054
4025.85009 19.150 0.060
4028.76008 19.158 0.061
4030.83178 18.970 0.049
4037.73140 18.863 0.040
4040.72631 18.788 0.044
4042.74267 18.781 0.044
4045.84198 18.758 0.070
4048.70564 18.483 0.033
4050.77837 18.728 0.043
4053.74786 18.542 0.031
4055.69758 18.518 0.051
4057.67643 19.064 0.071
4065.63291 19.115 0.046
4068.64862 19.074 0.045
4070.64505 19.045 0.057
4073.80443 18.890 0.062
4077.65778 18.981 0.059
4080.64059 18.808 0.043
4084.67137 18.816 0.048
4092.74815 18.743 0.034
4100.80841 18.847 0.037
4107.65080 19.083 0.066
4117.61635 18.938 0.072
4121.61729 19.109 0.076
4123.59412 18.986 0.044
4125.70543 19.095 0.074
4129.67794 19.015 0.055
4144.55873 18.486 0.041
4153.53287 19.040 0.070
4161.57086 18.934 0.086
4176.51238 18.844 0.062
4345.83975 18.985 0.075
4349.90081 19.121 0.071
4355.81486 18.927 0.054
4361.80059 18.828 0.070
4364.78472 18.816 0.050
4368.88403 18.963 0.082
4371.74756 18.658 0.054
4376.76683 18.564 0.041
4379.77253 18.468 0.042
4383.77738 18.719 0.057
4391.87797 18.549 0.037
4397.74964 19.070 0.061
4402.82818 19.124 0.070
4406.77850 18.921 0.061
4409.84762 19.110 0.062
4416.71482 18.659 0.041
4420.82734 18.866 0.056
4424.84705 18.868 0.066
4428.82550 18.674 0.068
4431.75032 18.460 0.061
4435.72017 19.024 0.078
4438.84814 18.541 0.060
4441.81829 18.742 0.064
4444.66080 19.018 0.072
4450.67444 18.965 0.081
4453.65921 18.815 0.056
4456.66191 18.813 0.062
4458.64633 18.715 0.068
4462.66098 18.651 0.049
4467.64307 18.553 0.040
4471.63150 18.486 0.032
4474.81559 18.813 0.056
4478.67071 18.744 0.052
4482.69552 19.131 0.068
4485.67726 19.173 0.083
4487.67422 19.125 0.094
4492.73871 19.187 0.083
4497.66679 19.013 0.061
4499.68920 19.036 0.066
4502.60814 18.921 0.055
4507.58414 18.805 0.043
4509.57724 18.658 0.059
4515.54387 18.506 0.066
4520.53790 18.930 0.075
4523.55630 19.144 0.074
4525.52848 19.005 0.062
4531.52560 18.971 0.073
4537.51941 19.046 0.078
4540.51801 18.954 0.096
