2162.88312 18.668 0.053
2171.84576 18.667 0.041
2183.80511 18.952 0.079
2184.80467 18.618 0.052
2188.85523 18.729 0.064
2191.76540 18.464 0.030
2200.78705 18.652 0.037
2206.72217 18.422 0.041
2216.84629 18.718 0.041
2223.71094 18.515 0.042
2226.68707 18.807 0.054
2228.73083 18.763 0.040
2230.64239 18.876 0.050
2234.65691 18.555 0.041
2238.60138 18.586 0.047
2240.72790 18.612 0.043
2244.78956 18.729 0.057
2249.65783 18.484 0.031
2251.85520 18.617 0.056
2253.64569 18.570 0.035
2256.65032 18.832 0.051
2259.64485 18.676 0.041
2262.65002 18.473 0.039
2264.63372 18.465 0.035
2272.61593 18.637 0.039
2276.62669 18.744 0.052
2279.62117 18.514 0.032
2281.66859 18.607 0.033
2283.70423 18.665 0.035
2288.68973 18.525 0.032
2290.72763 18.576 0.038
2292.69773 18.648 0.049
2294.66831 18.619 0.043
2296.68725 18.712 0.058
2298.70882 18.582 0.041
2300.66048 18.814 0.052
2302.63407 18.679 0.043
2315.56204 18.592 0.051
2322.53270 18.498 0.043
2325.55316 18.968 0.068
2330.56189 18.700 0.057
2337.51366 18.639 0.063
2343.50969 18.686 0.061
2353.50388 18.785 0.072
2370.50858 18.632 0.055
2518.91309 18.482 0.047
2526.84276 18.616 0.034
2540.85098 18.807 0.068
2544.77112 18.731 0.049
2550.88899 18.687 0.055
2554.85432 18.633 0.040
2558.86541 18.781 0.054
2562.88626 18.822 0.063
2571.81184 18.683 0.051
2577.75048 18.791 0.055
2580.77929 18.462 0.037
2588.81606 18.816 0.044
2593.80519 18.565 0.041
2599.72508 18.597 0.049
2607.68331 18.770 0.046
2617.67272 18.490 0.046
2620.61625 18.695 0.044
2622.79200 18.889 0.065
2624.78668 18.581 0.038
2626.60018 18.786 0.069
2629.59682 18.665 0.053
2631.78064 18.712 0.065
2634.55103 18.561 0.035
2637.58889 18.790 0.046
2640.62853 18.576 0.050
2642.62675 18.684 0.043
2644.61696 18.728 0.051
2649.63996 18.523 0.034
2651.68878 18.600 0.045
2654.64096 18.874 0.066
2656.71596 18.468 0.055
2658.70577 18.497 0.057
2661.72109 18.898 0.060
2663.62475 18.821 0.053
2665.64985 18.935 0.047
2667.61522 18.825 0.046
2669.65735 18.548 0.049
2671.58449 18.579 0.037
2673.59273 18.442 0.044
2675.59229 18.439 0.035
2677.59014 18.505 0.049
2679.61701 18.509 0.045
2681.63825 18.585 0.050
2685.57788 18.786 0.064
2690.53209 18.488 0.050
2694.52984 18.576 0.043
2698.59165 18.709 0.054
2704.57415 18.739 0.052
2711.52936 18.643 0.053
2731.48336 18.374 0.060
2872.88521 18.738 0.062
2879.87627 18.588 0.035
2884.82219 18.829 0.043
2888.85489 18.442 0.033
2893.84631 18.752 0.054
2897.80794 18.918 0.062
2903.85390 18.498 0.029
2906.80261 18.733 0.040
2910.77569 18.865 0.055
2915.77972 18.719 0.039
2921.78156 18.767 0.047
2924.87130 18.604 0.046
2929.86902 18.547 0.033
2932.83715 18.741 0.040
2941.81315 18.725 0.038
2943.68833 18.684 0.050
2946.71510 18.532 0.043
2949.69812 18.769 0.049
2952.68969 18.509 0.046
2955.75138 18.695 0.051
2957.68392 18.835 0.049
2960.70482 18.645 0.042
2963.69156 18.496 0.042
2966.65707 18.790 0.051
2968.82010 18.466 0.032
2971.82741 18.698 0.039
2975.62573 18.634 0.045
2979.75389 18.862 0.051
2983.66158 18.885 0.057
2985.84264 18.561 0.041
2988.60558 18.665 0.041
2990.79771 18.812 0.046
2992.61567 18.772 0.044
2994.72409 18.887 0.042
2997.60701 18.593 0.034
2999.62660 18.651 0.039
3001.60453 18.646 0.038
3003.63352 18.788 0.043
3005.66291 18.814 0.076
3007.61553 18.759 0.040
3009.61332 18.845 0.063
3011.64552 18.850 0.055
3013.62103 18.700 0.040
3016.62150 18.693 0.044
3018.60663 18.784 0.049
3020.64777 18.791 0.032
3022.67976 18.804 0.037
3024.66178 18.784 0.043
3026.63085 18.678 0.031
3028.63626 18.503 0.029
3030.67153 18.543 0.034
3032.77530 18.599 0.031
3034.82482 18.712 0.042
3037.60242 18.859 0.042
3040.57797 18.729 0.053
3045.57488 18.457 0.029
3047.52671 18.521 0.045
3049.53221 18.561 0.040
3051.52578 18.576 0.043
3053.51831 18.594 0.054
3055.52043 18.593 0.042
3057.51646 18.667 0.047
3059.51901 18.678 0.051
3060.51261 18.471 0.043
3061.51371 18.705 0.051
3064.51659 18.543 0.046
3067.52373 18.928 0.055
3069.50803 18.811 0.061
3071.66967 18.557 0.078
3075.50769 18.500 0.049
3077.59288 18.664 0.044
3081.58409 18.668 0.051
3083.59118 18.758 0.057
3086.52704 18.508 0.053
3089.51439 18.772 0.050
3092.49703 18.474 0.060
3098.49405 18.601 0.054
3101.51555 18.461 0.051
3104.48700 18.723 0.053
3108.48404 18.773 0.056
3112.47936 18.635 0.064
3115.50607 18.761 0.062
3123.48489 18.941 0.080
3132.48099 18.749 0.070
3230.85738 18.480 0.030
3246.87325 18.761 0.050
3251.90407 18.661 0.040
3254.86096 18.792 0.047
3261.89387 18.693 0.041
3272.87359 18.763 0.051
3275.87242 18.655 0.054
3280.87197 18.763 0.042
3283.81225 18.682 0.035
3289.72525 18.732 0.040
3294.73193 18.670 0.035
3296.68035 18.486 0.030
3298.76072 18.671 0.033
3300.81733 18.701 0.039
3303.72467 18.424 0.035
3306.72613 18.720 0.050
3308.74273 18.820 0.050
3310.77521 18.909 0.051
3314.69642 18.840 0.055
3321.61700 18.712 0.040
3328.82622 18.719 0.031
3335.83023 18.676 0.064
3336.69446 18.799 0.051
3340.81570 18.453 0.034
3349.63847 18.811 0.040
3353.63127 18.846 0.040
3356.62498 18.590 0.034
3360.63816 18.720 0.038
3369.65682 18.698 0.042
3377.61780 18.659 0.038
3381.61632 18.894 0.042
3386.62818 18.682 0.031
3390.63116 18.813 0.045
3398.60866 18.650 0.041
3400.59412 18.572 0.047
3403.60287 18.859 0.055
3406.53237 18.502 0.038
3410.55597 18.634 0.031
3415.53190 18.740 0.046
3421.60135 18.644 0.035
3429.55258 18.713 0.043
3434.54145 18.555 0.032
3450.51498 18.809 0.052
3592.87702 18.792 0.037
3608.88388 18.573 0.033
3614.86672 18.611 0.033
3621.89922 18.630 0.033
3628.87868 18.508 0.038
3639.75542 18.783 0.035
3641.74932 18.895 0.046
3646.81036 18.847 0.063
3652.86211 18.561 0.030
3656.80067 18.504 0.030
3661.73607 18.865 0.065
3665.73945 18.752 0.049
3671.70534 18.704 0.040
3674.82747 18.834 0.038
3683.74332 18.617 0.030
3686.78940 18.543 0.030
3689.70629 18.691 0.038
3692.62791 18.542 0.044
3695.69339 18.888 0.042
3698.64559 18.642 0.052
3700.69048 18.712 0.037
3702.77666 18.730 0.032
3705.68243 18.546 0.029
3707.65016 18.553 0.034
3713.62170 18.633 0.037
3716.65888 18.476 0.043
3720.64162 18.562 0.037
3724.67328 18.572 0.037
3727.60813 18.931 0.062
3731.60974 18.383 0.026
3736.62037 18.762 0.032
3739.59497 18.587 0.034
3742.64559 18.575 0.047
3745.73431 18.870 0.046
3748.59463 18.508 0.050
3750.62050 18.698 0.052
3752.57510 18.528 0.040
3755.58694 18.731 0.047
3758.59097 18.797 0.047
3760.72642 18.749 0.045
3762.60361 18.735 0.040
3766.58515 18.806 0.041
3769.58614 18.745 0.040
3772.61066 18.465 0.028
3775.58199 18.772 0.052
3778.58268 18.601 0.042
3781.59369 18.723 0.053
3785.56625 18.501 0.039
3790.53504 18.711 0.044
3796.57550 18.592 0.038
3804.51121 18.441 0.043
3816.51637 18.758 0.053
3934.94248 18.836 0.056
3960.86080 18.768 0.044
3967.89025 18.600 0.030
3973.88569 18.727 0.035
3979.83517 18.816 0.043
3987.81587 18.436 0.035
3994.86850 18.778 0.050
4001.74816 18.670 0.043
4004.75088 18.461 0.029
4008.70590 18.520 0.026
4011.86905 18.547 0.032
4016.87764 18.780 0.055
4021.82441 18.597 0.033
4025.83634 18.692 0.040
4028.74630 18.569 0.035
4030.81803 18.465 0.031
4036.87684 18.802 0.065
4040.71257 18.651 0.038
4042.72888 18.768 0.045
4045.82825 18.573 0.054
4048.69192 18.846 0.044
4053.73414 18.609 0.039
4055.68392 18.578 0.049
4057.66275 18.806 0.058
4060.59764 18.577 0.037
4065.61925 18.749 0.038
4068.63495 18.639 0.029
4070.63140 18.643 0.038
4073.79077 18.603 0.039
4077.64414 18.595 0.041
4080.62603 18.824 0.049
4084.65772 18.585 0.034
4092.73446 18.705 0.031
4100.79475 18.772 0.032
4107.63713 18.645 0.046
4117.60263 18.777 0.054
4121.60356 18.908 0.057
4123.58031 18.833 0.040
4125.69167 18.512 0.043
4129.66414 18.582 0.037
4144.53544 18.468 0.037
4153.51894 18.887 0.067
4160.58497 18.720 0.065
4174.55198 18.578 0.053
4310.94140 18.649 0.053
4345.82577 18.708 0.055
4349.88685 18.848 0.054
4355.80089 18.598 0.046
4361.78669 18.497 0.051
4364.77047 18.783 0.052
4368.87016 18.571 0.064
4371.73367 18.713 0.052
4376.75296 18.555 0.046
4378.90027 18.559 0.091
4379.75870 18.872 0.064
4383.76355 18.640 0.054
4387.85848 18.518 0.033
4391.86417 18.650 0.040
4397.73586 18.709 0.043
4402.81446 18.548 0.041
4406.76473 18.633 0.042
4409.83386 18.447 0.030
4416.70108 18.747 0.042
4420.81363 18.752 0.042
4424.83330 18.463 0.040
4428.80131 18.553 0.050
4431.73660 18.692 0.055
4435.70156 18.825 0.053
4438.83047 18.841 0.072
4441.80458 18.486 0.045
4444.64710 18.728 0.051
4450.66077 18.840 0.065
4453.64421 18.701 0.045
4456.64821 18.578 0.046
4458.63265 18.419 0.038
4462.64729 18.678 0.050
4467.62935 18.776 0.045
4471.61776 18.445 0.030
4474.80186 18.769 0.049
4478.65702 18.809 0.054
4482.68180 18.442 0.040
4485.66354 18.723 0.047
4487.66046 18.867 0.072
4492.72246 18.655 0.051
4497.65367 18.512 0.041
4499.67608 18.562 0.045
4502.59503 18.713 0.042
4507.56650 18.598 0.040
4509.56408 18.612 0.058
4515.53001 18.792 0.081
4520.51883 18.595 0.056
4523.54243 18.837 0.053
4525.51461 18.750 0.060
4531.51169 18.522 0.044
4537.50552 18.632 0.055
4540.50409 18.504 0.061
