2171.86025 18.905 0.059
2184.81907 18.528 0.051
2188.86966 18.829 0.074
2191.78070 19.068 0.055
2200.80028 19.145 0.060
2206.73541 19.064 0.094
2216.86528 18.958 0.061
2223.72415 18.890 0.059
2226.70028 18.973 0.071
2228.74403 18.929 0.059
2230.65552 19.187 0.087
2232.67735 19.022 0.063
2234.67007 18.647 0.048
2238.61456 18.707 0.055
2240.74623 18.562 0.044
2244.80275 18.964 0.082
2249.67100 18.717 0.042
2252.63445 18.755 0.055
2253.65889 18.820 0.050
2256.66348 19.001 0.071
2259.65801 18.667 0.042
2262.66320 19.050 0.065
2269.72435 18.889 0.068
2272.62913 19.109 0.067
2276.63988 19.053 0.101
2281.68716 18.471 0.030
2283.71741 18.988 0.048
2288.70294 18.974 0.051
2292.71097 18.978 0.078
2294.68179 18.914 0.068
2296.70073 18.690 0.067
2298.72226 19.074 0.073
2300.67390 18.724 0.053
2315.57556 18.786 0.082
2325.56765 18.789 0.071
2330.57636 18.772 0.071
2343.52642 19.047 0.083
2353.52028 18.997 0.101
2370.52314 19.048 0.090
2519.88522 18.797 0.057
2526.85729 18.854 0.045
2540.86542 18.693 0.075
2544.78560 18.734 0.063
2554.87810 18.884 0.055
2558.87980 18.936 0.080
2571.82531 18.726 0.063
2577.76397 19.096 0.071
2580.79276 18.888 0.050
2588.83035 19.126 0.058
2593.81949 18.994 0.063
2599.73934 18.920 0.066
2607.70360 18.627 0.043
2620.63026 18.816 0.052
2622.80602 18.744 0.059
2624.80067 19.088 0.060
2626.61358 18.604 0.050
2629.61019 18.964 0.070
2634.56439 18.956 0.055
2637.60227 18.571 0.037
2640.64194 18.988 0.082
2644.63041 18.994 0.066
2649.65400 19.013 0.060
2651.70287 18.901 0.059
2654.65512 19.093 0.098
2656.73338 19.016 0.100
2658.72299 18.738 0.088
2661.73452 18.927 0.067
2663.63820 18.475 0.044
2665.66775 19.138 0.058
2667.62865 18.844 0.072
2669.67484 18.877 0.075
2671.60385 18.919 0.057
2673.60776 18.521 0.052
2675.60577 18.950 0.066
2677.60363 18.812 0.075
2679.63056 18.863 0.071
2681.65238 19.065 0.086
2685.59210 19.125 0.105
2690.54628 18.940 0.075
2698.60585 18.711 0.068
2704.58842 18.526 0.043
2731.49777 18.937 0.081
2884.83649 19.012 0.058
2888.86920 18.937 0.048
2893.86054 18.960 0.078
2897.82218 18.615 0.060
2903.86812 18.607 0.035
2906.81680 18.873 0.051
2910.78988 18.907 0.058
2915.79385 19.005 0.046
2921.79574 18.846 0.051
2924.88545 18.696 0.063
2929.88317 18.604 0.052
2932.85125 18.892 0.064
2941.82801 18.929 0.049
2943.70242 18.696 0.051
2946.72914 18.831 0.055
2949.71280 19.155 0.068
2952.70374 18.842 0.058
2955.76537 18.990 0.087
2957.69792 18.719 0.045
2963.70558 18.588 0.046
2968.83411 18.867 0.048
2971.84626 19.068 0.063
2975.64522 18.899 0.059
2979.76791 18.646 0.044
2983.67559 18.744 0.052
2985.85661 18.683 0.065
2988.62048 18.717 0.081
2990.81169 18.655 0.042
2994.73806 18.696 0.042
2997.62282 18.844 0.042
2999.64061 18.603 0.043
3001.61852 18.950 0.048
3003.64750 18.728 0.046
3005.67690 19.028 0.091
3007.62950 18.962 0.051
3009.62731 18.612 0.051
3011.65954 19.096 0.074
3013.63502 18.852 0.052
3016.63549 18.917 0.053
3018.62064 18.790 0.057
3020.66176 18.716 0.036
3022.69375 18.965 0.045
3024.67582 18.775 0.057
3026.64491 19.070 0.046
3028.65032 18.883 0.044
3030.68564 18.678 0.040
3032.78938 19.063 0.057
3035.61399 18.598 0.041
3037.62076 18.947 0.055
3040.61831 18.580 0.056
3042.58011 18.993 0.086
3045.58896 18.559 0.042
3049.54631 18.743 0.063
3051.53994 19.073 0.075
3053.53693 18.921 0.055
3057.53509 19.072 0.060
3059.53319 18.751 0.046
3060.52678 18.628 0.048
3061.52786 19.029 0.066
3064.54033 18.718 0.066
3069.52223 18.830 0.060
3072.51668 18.885 0.071
3075.52191 18.676 0.057
3077.60707 19.080 0.081
3081.59832 18.674 0.044
3083.60543 18.931 0.059
3086.54274 18.602 0.064
3089.52865 18.891 0.055
3092.51130 19.024 0.095
3098.50837 18.996 0.085
3101.52985 18.656 0.063
3104.50133 18.922 0.067
3108.49835 19.150 0.078
3112.49371 19.035 0.078
3115.52042 18.791 0.064
3123.49930 19.103 0.108
3133.47305 18.917 0.083
3230.87170 19.029 0.061
3254.87525 18.602 0.046
3261.90806 18.864 0.060
3272.88772 18.983 0.059
3275.88665 18.490 0.049
3280.88613 18.637 0.042
3283.82643 18.833 0.066
3289.73936 18.494 0.038
3294.74600 18.595 0.041
3296.69446 18.967 0.046
3298.77553 18.845 0.042
3303.73867 18.769 0.059
3306.74013 18.991 0.058
3308.75675 18.700 0.076
3310.78926 18.571 0.042
3314.71049 18.705 0.056
3321.63099 18.957 0.058
3328.84027 19.075 0.051
3335.85051 18.901 0.079
3340.82968 18.951 0.061
3349.65243 18.870 0.050
3353.64526 18.887 0.044
3356.63893 18.981 0.045
3360.65214 18.724 0.043
3369.67075 18.957 0.053
3377.63180 19.238 0.059
3381.63040 18.453 0.035
3386.64218 18.639 0.033
3390.64521 18.810 0.050
3398.62275 18.957 0.071
3400.60826 18.982 0.075
3403.61701 19.286 0.094
3406.54646 18.477 0.036
3410.56994 18.736 0.038
3415.55000 18.799 0.050
3421.61536 18.769 0.046
3429.56747 18.893 0.057
3434.55552 18.967 0.050
3442.52732 18.532 0.044
3450.52911 18.921 0.065
3569.93897 18.530 0.055
3592.89121 18.912 0.040
3608.89803 19.160 0.061
3614.88087 19.011 0.050
3621.91332 18.568 0.045
3628.89275 19.005 0.066
3633.76384 19.223 0.104
3639.76950 18.785 0.038
3641.76336 18.783 0.044
3646.82441 18.457 0.045
3656.81465 18.625 0.038
3661.75001 18.568 0.048
3665.75337 18.766 0.051
3671.71928 18.459 0.035
3674.84139 19.083 0.051
3686.80326 18.908 0.044
3689.72019 19.003 0.051
3695.70726 18.909 0.059
3698.65944 19.015 0.082
3700.70436 18.996 0.044
3702.79195 18.704 0.036
3705.69627 18.874 0.044
3707.67402 18.442 0.040
3713.63558 18.915 0.091
3716.71009 18.807 0.060
3720.65652 18.922 0.048
3724.71314 19.076 0.058
3727.62202 18.432 0.043
3736.63425 18.774 0.038
3739.60890 19.167 0.068
3742.65949 18.720 0.056
3745.74820 19.072 0.056
3748.60847 18.794 0.073
3750.63439 19.100 0.072
3752.58905 18.625 0.037
3755.60086 19.069 0.060
3758.60550 18.454 0.036
3760.74033 18.983 0.066
3762.61762 18.714 0.043
3766.59910 18.998 0.049
3769.60010 19.090 0.056
3778.59666 18.641 0.049
3781.60772 19.081 0.076
3785.58031 19.085 0.070
3790.54911 19.125 0.067
3796.58951 19.138 0.061
3804.52532 18.590 0.051
3816.53053 19.012 0.067
3935.92077 18.846 0.043
3960.87483 18.942 0.057
3967.90420 18.573 0.030
3973.89965 18.769 0.036
3979.88360 19.051 0.061
3987.82976 18.599 0.040
3994.88239 19.050 0.061
4004.76475 19.079 0.046
4008.71976 19.111 0.045
4011.88283 19.130 0.063
4016.89145 18.850 0.076
4021.83984 19.016 0.048
4025.85009 18.926 0.052
4028.76008 18.591 0.040
4030.83178 19.045 0.055
4037.73140 18.738 0.037
4040.72631 18.848 0.046
4042.74267 18.821 0.045
4045.84198 18.888 0.085
4048.70564 18.566 0.036
4050.77837 19.073 0.059
4053.74786 18.597 0.034
4055.69758 18.905 0.072
4057.67643 18.822 0.060
4065.63291 19.012 0.046
4068.64862 18.624 0.033
4070.64505 18.956 0.056
4073.80443 19.111 0.079
4077.65778 18.846 0.057
4080.64059 19.178 0.063
4084.67137 18.523 0.040
4092.74815 19.203 0.053
4100.80841 18.812 0.040
4107.65080 19.051 0.068
4117.61635 18.911 0.071
4121.61729 18.949 0.072
4123.59412 18.923 0.055
4125.70543 18.541 0.048
4129.67794 18.830 0.050
4144.55873 18.752 0.052
4161.57086 18.566 0.065
4176.51238 18.545 0.049
4345.83975 18.984 0.080
4349.90081 18.705 0.052
4355.81486 19.162 0.070
4364.78472 18.617 0.044
4368.88403 18.992 0.089
4371.74756 18.996 0.078
4376.76683 19.175 0.072
4379.77253 18.616 0.052
4383.77738 18.862 0.068
4391.87797 18.443 0.035
4397.74964 19.045 0.064
4402.82818 18.994 0.064
4406.77850 18.802 0.060
4409.84762 18.922 0.052
4416.71482 18.983 0.057
4420.82734 18.822 0.056
4424.84705 19.000 0.076
4428.82550 19.160 0.110
4431.75032 18.662 0.074
4435.72017 18.741 0.065
4438.84814 19.098 0.103
4441.81829 18.764 0.067
4444.66080 18.839 0.065
4450.67444 18.899 0.080
4453.65921 18.994 0.070
4456.66191 18.533 0.051
4458.64633 19.039 0.097
4462.66098 19.049 0.068
4467.64307 19.261 0.075
4471.63150 18.589 0.036
4474.81559 19.088 0.074
4478.67071 19.190 0.079
4482.69552 18.490 0.042
4485.67726 18.903 0.068
4487.67422 18.429 0.051
4492.73871 18.758 0.061
4497.66679 18.561 0.043
4499.68920 19.010 0.067
4502.60814 18.488 0.041
4507.58414 18.460 0.035
4509.57724 19.068 0.088
4515.54387 18.935 0.103
4520.53790 18.908 0.078
4523.55630 19.243 0.082
4525.52848 18.964 0.060
4531.52560 18.815 0.065
4537.51941 18.609 0.053
4540.51801 19.157 0.116
