 465.77878 16.902 0.012
 465.83785 16.906 0.010
 466.68940 16.887 0.010
 467.79728 16.833 0.010
 468.70367 16.803 0.009
 469.70370 16.814 0.010
 470.71456 16.851 0.012
 471.82350 16.888 0.015
 472.74839 16.895 0.012
 473.66020 16.889 0.013
 474.74063 16.804 0.010
 475.63341 16.813 0.012
 475.69951 16.819 0.013
 476.78565 16.813 0.012
 477.77030 16.860 0.010
 478.57757 16.886 0.010
 479.77600 16.882 0.012
 480.61266 16.850 0.010
 481.59776 16.802 0.010
 482.75875 16.795 0.009
 483.54648 16.832 0.010
 484.54437 16.886 0.013
 485.54891 16.916 0.010
 486.54046 16.868 0.010
 487.56814 16.847 0.010
 488.53274 16.799 0.010
 488.67109 16.819 0.009
 489.60287 16.819 0.009
 489.62304 16.815 0.009
 490.59350 16.864 0.009
 491.55165 16.902 0.010
 492.53593 16.921 0.012
 492.61031 16.912 0.012
 493.53899 16.866 0.009
 494.53382 16.829 0.009
 495.53614 16.837 0.012
 496.53163 16.846 0.010
 496.74775 16.846 0.015
 498.53042 16.904 0.012
 499.52590 16.892 0.010
 500.51710 16.859 0.013
 501.51765 16.830 0.013
 507.63520 16.807 0.013
 508.52136 16.800 0.015
 508.58809 16.785 0.012
 510.52602 16.886 0.012
 511.63561 16.893 0.013
 512.67299 16.873 0.012
 513.66489 16.846 0.010
 514.53802 16.797 0.012
 515.52969 16.805 0.010
 516.53321 16.856 0.012
 517.53470 16.898 0.012
 518.57349 16.903 0.010
 518.73636 16.887 0.013
 519.52410 16.868 0.010
 520.69090 16.819 0.010
 521.52497 16.818 0.013
 523.53680 16.872 0.010
 524.51582 16.894 0.014
 526.51922 16.835 0.012
 526.62035 16.845 0.013
 527.51658 16.818 0.010
 528.57599 16.824 0.013
 530.60461 16.899 0.015
 531.53151 16.901 0.013
 532.51692 16.867 0.013
 533.52045 16.811 0.012
 534.52774 16.823 0.012
 535.64225 16.817 0.015
 536.67747 16.863 0.013
 552.62561 16.864 0.012
 553.48132 16.829 0.015
 554.54011 16.799 0.014
 561.54054 16.814 0.014
 566.47617 16.821 0.013
 567.47692 16.798 0.013
 569.47139 16.877 0.017
 571.52490 16.877 0.014
 572.48110 16.840 0.015
 573.48868 16.832 0.018
 574.51746 16.814 0.013
 673.84312 16.862 0.010
 699.81642 16.832 0.014
 701.86129 16.860 0.014
 704.80519 16.810 0.013
 706.80912 16.846 0.019
 707.85847 16.833 0.018
 712.88091 16.834 0.013
 715.84627 16.885 0.013
 720.80110 16.840 0.013
 726.86629 16.858 0.012
 728.83044 16.887 0.013
 729.81277 16.861 0.013
 733.86508 16.871 0.015
 742.80558 16.865 0.014
 745.73705 16.830 0.012
 747.79384 16.877 0.012
 748.74861 16.860 0.013
 750.84145 16.819 0.013
 751.73403 16.835 0.014
 755.69250 16.855 0.015
 759.76179 16.864 0.013
 760.81393 16.885 0.013
 763.80992 16.831 0.015
 769.84633 16.805 0.013
 773.83490 16.897 0.014
 778.78784 16.855 0.017
 780.81867 16.884 0.013
 782.82339 16.828 0.013
 787.82641 16.881 0.013
 792.76038 16.861 0.015
 796.77627 16.787 0.013
 798.79346 16.863 0.014
 816.80197 16.813 0.012
 817.79141 16.814 0.013
 822.74949 16.822 0.012
 826.61773 16.885 0.014
 827.72845 16.861 0.013
 830.80864 16.845 0.015
 831.65388 16.856 0.014
 832.78484 16.874 0.013
 833.68629 16.874 0.012
 834.77732 16.860 0.017
 837.78325 16.852 0.012
 839.60897 16.888 0.013
 841.79231 16.840 0.014
 843.71531 16.832 0.012
 844.66446 16.856 0.013
 850.68528 16.811 0.014
 854.70730 16.857 0.015
 855.75376 16.806 0.017
 856.70652 16.826 0.015
 858.64165 16.883 0.018
 860.73287 16.828 0.015
 864.72781 16.850 0.018
 874.74086 16.843 0.012
 876.65717 16.829 0.012
 879.61700 16.901 0.014
 881.54899 16.818 0.013
 887.63118 16.843 0.015
 892.59613 16.883 0.014
 895.57686 16.811 0.014
 900.54580 16.855 0.014
 918.58174 16.900 0.019
 920.54693 16.829 0.015
 925.49914 16.891 0.018
 933.51327 16.842 0.015
 951.52628 16.882 0.012
1040.91966 16.834 0.014
1051.91550 16.836 0.013
1065.87604 16.813 0.014
1068.83810 16.883 0.014
1069.82858 16.897 0.012
1071.84570 16.803 0.013
1079.79290 16.846 0.012
1083.80660 16.858 0.014
1088.87128 16.896 0.014
1093.86795 16.872 0.012
1102.84596 16.869 0.010
1107.82883 16.887 0.013
1113.84263 16.872 0.012
1119.77544 16.853 0.013
1126.74691 16.860 0.014
1130.71299 16.809 0.013
1132.72155 16.827 0.012
1136.84080 16.821 0.012
1142.73280 16.868 0.010
1151.82789 16.815 0.013
1154.83645 16.893 0.014
1157.78803 16.798 0.014
1161.78602 16.868 0.010
1163.75755 16.836 0.014
1166.79403 16.897 0.015
1170.84198 16.802 0.012
1174.82464 16.875 0.012
1178.74166 16.857 0.013
1181.70822 16.841 0.014
1185.79079 16.870 0.012
1187.74273 16.863 0.013
1189.80720 16.819 0.012
1192.72677 16.895 0.012
1196.60285 16.846 0.019
1202.66468 16.828 0.013
1204.77007 16.861 0.014
1207.66348 16.877 0.014
1211.74392 16.846 0.015
1214.76038 16.856 0.014
1217.72157 16.843 0.013
1219.70622 16.903 0.014
1223.61371 16.810 0.013
1226.70864 16.873 0.013
1230.65702 16.820 0.013
1234.58345 16.815 0.013
1238.58701 16.866 0.015
1239.71965 16.859 0.017
1241.69627 16.819 0.014
1243.55413 16.817 0.014
1245.52273 16.887 0.018
1248.53111 16.813 0.015
1253.60190 16.862 0.015
1256.58120 16.819 0.014
1261.57725 16.819 0.013
1265.59493 16.873 0.014
1268.57983 16.816 0.017
1276.53330 16.839 0.014
1279.52778 16.847 0.014
1288.56134 16.805 0.014
1291.59238 16.890 0.013
1296.56576 16.848 0.015
1300.51214 16.818 0.017
1305.48655 16.893 0.015
1308.52132 16.815 0.014
1313.49689 16.853 0.015
1317.52447 16.900 0.015
1320.47117 16.839 0.015
1330.48917 16.880 0.018
1333.49398 16.818 0.020
1397.91791 16.871 0.015
1412.89553 16.839 0.014
1431.81047 16.832 0.013
1432.89581 16.796 0.014
1435.85581 16.881 0.014
1437.84862 16.837 0.013
1440.88729 16.856 0.015
1443.88520 16.863 0.014
1447.80828 16.863 0.018
1449.85001 16.894 0.017
1454.76418 16.885 0.015
1455.88784 16.909 0.018
1458.80179 16.829 0.014
1459.86918 16.828 0.013
1462.74037 16.896 0.014
1470.82136 16.835 0.012
1475.82011 16.887 0.015
1477.70697 16.807 0.014
1479.74715 16.835 0.013
1484.76259 16.819 0.013
1487.80420 16.879 0.014
1491.72739 16.812 0.014
1493.82794 16.846 0.013
1496.61375 16.840 0.014
1498.75628 16.817 0.013
1501.84035 16.901 0.014
1503.73511 16.842 0.014
1505.84173 16.831 0.014
1507.78885 16.884 0.017
1511.66157 16.814 0.013
1514.70861 16.879 0.017
1517.69814 16.825 0.012
1519.70052 16.846 0.013
1521.72321 16.901 0.013
1522.70078 16.846 0.015
1523.75725 16.823 0.017
1525.73388 16.834 0.012
1527.82106 16.895 0.017
1528.72350 16.890 0.012
1531.74113 16.806 0.014
1538.69783 16.818 0.013
1541.65391 16.891 0.012
1542.75382 16.847 0.013
1544.71062 16.805 0.012
1547.73669 16.910 0.012
1548.71407 16.864 0.012
1549.77942 16.830 0.012
1551.74330 16.799 0.012
1552.67657 16.848 0.013
1554.76952 16.898 0.012
1555.70633 16.855 0.013
1556.67698 16.831 0.013
1562.70936 16.842 0.013
1564.58799 16.805 0.015
1564.68403 16.837 0.015
1567.64145 16.887 0.013
1570.73890 16.814 0.012
1574.73456 16.875 0.012
1576.63426 16.838 0.014
1578.73587 16.843 0.017
1581.64974 16.860 0.013
1584.62825 16.825 0.014
1587.61611 16.875 0.013
1590.62316 16.811 0.013
1595.69582 16.851 0.015
1599.70716 16.858 0.015
1600.68168 16.879 0.018
1604.53236 16.821 0.014
1606.54611 16.901 0.014
1609.56535 16.832 0.014
1610.60962 16.814 0.014
1611.64106 16.831 0.014
1612.53540 16.873 0.013
1613.62682 16.875 0.015
1614.52765 16.861 0.013
1615.53256 16.838 0.014
1616.54695 16.822 0.013
1617.53192 16.837 0.013
1618.53859 16.901 0.015
1619.58768 16.878 0.015
1620.60874 16.885 0.017
1621.52688 16.846 0.015
1622.59428 16.813 0.014
1623.54920 16.837 0.014
1624.55686 16.846 0.015
1625.56882 16.873 0.019
1626.66130 16.908 0.013
1627.57644 16.868 0.017
1628.51537 16.834 0.015
1630.54227 16.841 0.018
1631.53995 16.864 0.013
1632.61811 16.893 0.013
1633.53077 16.890 0.013
1634.57041 16.862 0.013
1635.53864 16.819 0.013
1643.55944 16.856 0.020
1650.51999 16.848 0.019
1653.59596 16.871 0.017
1656.57655 16.846 0.015
1658.55403 16.884 0.015
1661.48436 16.826 0.014
1663.50950 16.827 0.013
1665.52569 16.892 0.017
1671.52157 16.856 0.017
1676.51613 16.803 0.022
1684.51609 16.901 0.031
1694.51766 16.824 0.018
1766.91064 16.830 0.017
1768.89803 16.833 0.014
1782.88527 16.884 0.013
1789.83119 16.879 0.012
1804.78057 16.876 0.014
1809.84254 16.890 0.012
1812.86533 16.835 0.012
1814.88049 16.821 0.012
1817.88241 16.873 0.012
1822.82622 16.891 0.013
1828.89043 16.874 0.017
1829.86200 16.900 0.014
1833.81680 16.770 0.019
1843.84183 16.875 0.013
1850.82164 16.855 0.014
1855.82433 16.890 0.012
1860.79755 16.860 0.014
1863.77110 16.871 0.013
1865.82594 16.806 0.012
1867.79467 16.849 0.013
1869.76813 16.893 0.013
1872.76678 16.823 0.013
2166.90333 16.812 0.012
2173.82374 16.797 0.012
2192.79707 16.816 0.010
2201.80985 16.819 0.009
2223.84615 16.868 0.012
2226.82611 16.819 0.012
2229.63805 16.887 0.013
2230.77663 16.859 0.012
2232.79638 16.804 0.010
2234.79057 16.833 0.010
2238.76257 16.834 0.010
2241.63760 16.845 0.012
2243.69603 16.882 0.013
2248.76843 16.873 0.010
2251.72586 16.833 0.010
2253.80995 16.825 0.010
2255.68493 16.872 0.012
2261.70519 16.836 0.010
2264.78624 16.829 0.010
2269.81964 16.886 0.012
2271.76707 16.814 0.010
2273.85209 16.825 0.012
2274.63676 16.876 0.013
2276.74387 16.880 0.013
2278.64240 16.835 0.012
2280.64059 16.840 0.012
2282.64916 16.895 0.013
2284.64042 16.848 0.013
2289.78281 16.881 0.012
2291.79091 16.810 0.013
2293.75664 16.849 0.014
2295.77858 16.895 0.012
2297.77191 16.854 0.012
2299.81245 16.812 0.013
2301.70658 16.884 0.014
2303.70276 16.864 0.014
2321.65386 16.904 0.013
2327.53239 16.865 0.014
2332.56527 16.820 0.015
2333.52934 16.839 0.015
2339.51756 16.825 0.013
2347.51223 16.868 0.013
2402.50628 16.842 0.015
2524.90196 16.890 0.013
2542.86381 16.823 0.012
2552.81317 16.894 0.013
2556.80478 16.854 0.012
2559.85293 16.863 0.013
2564.82091 16.888 0.013
2573.82208 16.846 0.013
2578.74624 16.886 0.014
2583.78172 16.873 0.013
2589.82510 16.862 0.012
2596.71333 16.865 0.014
2605.71460 16.856 0.012
2609.70531 16.875 0.013
2614.64001 16.831 0.012
2618.69759 16.856 0.013
2620.82562 16.843 0.010
2623.79652 16.912 0.012
2627.66075 16.837 0.015
2629.68427 16.911 0.015
2631.70428 16.869 0.014
2634.73288 16.822 0.012
2635.60448 16.847 0.010
2637.80352 16.880 0.012
2639.62942 16.838 0.010
2641.69546 16.857 0.012
2643.70422 16.899 0.013
2645.69310 16.854 0.010
2647.65084 16.846 0.012
2651.60577 16.858 0.013
2653.63241 16.838 0.013
2655.75336 16.867 0.012
2657.59837 16.859 0.012
2659.61338 16.821 0.013
2661.83138 16.865 0.014
2663.84544 16.899 0.017
2665.85136 16.840 0.015
2668.60119 16.890 0.014
2670.60549 16.887 0.013
2672.59210 16.853 0.013
2674.61346 16.863 0.012
2676.59995 16.884 0.012
2678.67272 16.830 0.012
2680.59848 16.826 0.010
2682.64778 16.902 0.014
2686.64232 16.831 0.013
2691.58891 16.832 0.014
2695.62474 16.877 0.012
2700.58023 16.844 0.013
2706.59766 16.832 0.014
2713.56280 16.851 0.014
2840.94313 16.874 0.015
2885.84521 16.895 0.012
2892.87477 16.894 0.014
2897.84409 16.847 0.014
2903.88987 16.830 0.009
2906.89301 16.893 0.012
2911.77285 16.904 0.012
2916.82256 16.834 0.010
2922.80677 16.777 0.013
2926.73334 16.866 0.013
2930.80789 16.879 0.012
2933.85223 16.843 0.010
2939.86051 16.863 0.012
2942.81110 16.803 0.010
2944.85455 16.886 0.013
2946.85645 16.843 0.012
2949.77089 16.835 0.012
2952.84778 16.864 0.012
2956.68621 16.851 0.012
2958.71289 16.892 0.013
2962.72462 16.809 0.012
2965.74284 16.891 0.010
2967.84240 16.819 0.010
2970.80776 16.882 0.010
2974.74557 16.812 0.012
2976.78028 16.849 0.012
2978.76036 16.878 0.012
2980.70042 16.802 0.012
2982.66319 16.838 0.012
2984.71036 16.910 0.012
2986.79365 16.828 0.013
2988.75771 16.825 0.012
2990.62989 16.899 0.012
2992.78047 16.845 0.012
2994.62675 16.808 0.012
2995.63632 16.829 0.010
2997.64631 16.896 0.010
2999.76503 16.839 0.012
3001.73707 16.831 0.012
3003.71034 16.904 0.012
3005.70109 16.862 0.012
3007.71551 16.817 0.012
3009.71360 16.872 0.012
3011.68295 16.875 0.013
3013.68614 16.788 0.010
3017.69655 16.883 0.013
3019.62416 16.824 0.012
3021.74329 16.818 0.010
3023.60525 16.883 0.010
3024.80628 16.867 0.010
3026.80255 16.810 0.010
3028.81457 16.855 0.012
3031.67655 16.851 0.010
3033.74047 16.798 0.009
3035.74786 16.867 0.010
3038.72523 16.802 0.013
3041.59341 16.832 0.014
3043.62880 16.895 0.014
3045.66251 16.836 0.012
3047.61656 16.837 0.013
3049.62217 16.887 0.010
3051.58945 16.865 0.012
3053.58457 16.839 0.010
3055.58373 16.887 0.012
3057.60855 16.870 0.012
3060.63106 16.821 0.012
3064.63971 16.843 0.014
3067.69387 16.845 0.012
3070.54073 16.880 0.013
3073.60907 16.845 0.015
3075.65665 16.902 0.013
3078.57678 16.837 0.013
3082.56613 16.899 0.013
3084.64306 16.839 0.010
3087.60617 16.817 0.010
3090.56846 16.854 0.013
3099.50466 16.790 0.013
3102.53495 16.930 0.014
3105.56873 16.819 0.012
3108.54721 16.880 0.012
3112.51858 16.829 0.013
3116.50584 16.910 0.013
3126.51159 16.818 0.012
3241.89908 16.860 0.012
3256.91046 16.813 0.012
3263.88529 16.833 0.009
3268.90089 16.823 0.012
3273.87613 16.889 0.012
3277.86535 16.847 0.012
3281.85543 16.825 0.009
3289.86913 16.802 0.009
3294.86459 16.849 0.009
3296.87234 16.840 0.010
3299.72359 16.892 0.009
3301.72330 16.820 0.012
3304.78600 16.883 0.012
3306.86699 16.853 0.012
3309.69634 16.802 0.010
3311.69409 16.873 0.010
3320.73687 16.840 0.010
3327.70590 16.830 0.010
3329.85651 16.819 0.010
3334.76245 16.817 0.014
3338.81258 16.883 0.010
3350.64439 16.844 0.010
3354.64459 16.819 0.012
3358.69805 16.892 0.010
3361.80348 16.813 0.010
3363.75327 16.848 0.012
3367.70706 16.828 0.013
3372.72550 16.855 0.010
3378.63822 16.881 0.012
3383.76758 16.863 0.009
3387.62457 16.812 0.010
3391.70578 16.868 0.012
3395.69722 16.819 0.012
3399.67332 16.826 0.010
3402.69018 16.843 0.010
3404.62074 16.913 0.012
3408.57137 16.840 0.010
3412.61674 16.842 0.012
3416.60015 16.891 0.010
3424.60325 16.877 0.012
3431.50489 16.873 0.012
3437.51591 16.875 0.010
3445.52066 16.855 0.012
3453.54238 16.829 0.013
3462.51768 16.847 0.012
3589.93105 16.811 0.009
3617.91647 16.834 0.013
3629.85610 16.833 0.012
3634.82145 16.863 0.010
3639.87436 16.869 0.009
3641.86526 16.880 0.012
3650.86056 16.835 0.010
3653.88845 16.893 0.013
3657.84163 16.818 0.010
3661.82552 16.846 0.012
3671.85456 16.835 0.010
3675.83712 16.808 0.010
3683.85826 16.823 0.010
3687.75097 16.860 0.010
3689.85143 16.793 0.010
3692.77528 16.887 0.012
3694.79021 16.857 0.010
3696.73268 16.826 0.010
3699.73524 16.891 0.009
3701.78821 16.824 0.010
3704.69530 16.855 0.010
3706.82408 16.884 0.010
3711.69773 16.868 0.010
3713.71149 16.869 0.010
3716.81062 16.829 0.009
3719.79153 16.907 0.013
3725.78322 16.903 0.013
3727.75798 16.825 0.010
3730.65334 16.845 0.009
3732.67783 16.887 0.009
3734.77580 16.817 0.009
3736.79221 16.831 0.010
3737.68073 16.861 0.010
3739.77976 16.864 0.009
3742.60281 16.783 0.010
3745.71551 16.896 0.010
3747.74382 16.850 0.015
3749.62662 16.814 0.014
3751.73078 16.891 0.012
3753.60240 16.836 0.012
3755.63993 16.808 0.013
3757.67338 16.883 0.010
3759.73807 16.857 0.009
3762.72536 16.810 0.010
3765.74393 16.861 0.009
3770.58545 16.883 0.012
3773.59281 16.838 0.012
3776.59184 16.839 0.010
3779.58191 16.858 0.013
3782.63161 16.816 0.010
3787.55744 16.821 0.010
3791.60370 16.887 0.012
3799.52824 16.840 0.013
3821.50628 16.821 0.010
3945.93097 16.822 0.009
3963.92703 16.839 0.012
3969.85747 16.854 0.013
3975.90751 16.869 0.010
3981.83672 16.901 0.012
3995.88710 16.891 0.013
4001.84019 16.904 0.010
4005.81802 16.833 0.009
4007.82206 16.913 0.010
4011.82221 16.831 0.012
4018.81375 16.843 0.010
4023.84585 16.808 0.010
4026.75220 16.893 0.010
4029.69554 16.819 0.012
4031.77608 16.837 0.010
4038.68529 16.855 0.010
4040.85208 16.918 0.012
4042.86784 16.812 0.010
4046.74281 16.891 0.012
4048.83231 16.851 0.012
4052.67449 16.898 0.010
4054.64757 16.877 0.013
4056.71904 16.821 0.012
4058.65708 16.854 0.010
4063.65110 16.807 0.009
4066.64890 16.908 0.010
4069.71451 16.828 0.010
4071.64313 16.879 0.012
4076.71537 16.817 0.010
4079.72808 16.925 0.014
4083.64499 16.810 0.012
4085.71031 16.906 0.012
4092.82763 16.924 0.010
4112.69915 16.906 0.009
4117.68800 16.861 0.012
4121.66401 16.828 0.010
4124.74690 16.906 0.010
4129.75945 16.832 0.012
4142.61849 16.813 0.012
4150.62432 16.865 0.010
4155.52029 16.815 0.012
4166.54917 16.858 0.014
4196.49867 16.877 0.014
4341.87470 16.921 0.013
4347.82460 16.892 0.013
4351.87051 16.827 0.013
4357.88246 16.817 0.013
4363.80706 16.836 0.013
4366.85768 16.885 0.013
4369.89818 16.845 0.013
4372.80110 16.842 0.012
4376.89152 16.857 0.015
4379.89791 16.875 0.018
4386.75905 16.873 0.012
4393.76998 16.874 0.012
4398.84619 16.787 0.010
4403.85261 16.836 0.014
4411.78157 16.822 0.010
4411.84325 16.845 0.012
4418.73238 16.823 0.010
4422.82897 16.834 0.010
4429.77149 16.822 0.018
4432.69713 16.870 0.013
4436.73652 16.815 0.012
4439.80220 16.895 0.014
4443.67192 16.812 0.014
4448.82591 16.845 0.012
4451.66611 16.841 0.012
4455.66489 16.858 0.013
4457.72042 16.818 0.014
4460.75052 16.897 0.015
4464.71317 16.824 0.010
4467.70568 16.892 0.010
4471.75195 16.848 0.013
4476.67447 16.812 0.010
4480.67427 16.888 0.012
4484.75327 16.822 0.013
4488.67582 16.817 0.013
4493.67796 16.892 0.014
4498.65599 16.857 0.010
4501.64903 16.850 0.012
4506.58714 16.918 0.013
4508.59714 16.825 0.012
4510.67667 16.830 0.012
4516.62643 16.821 0.015
4519.69795 16.925 0.014
4521.54161 16.836 0.013
4524.58212 16.847 0.013
4530.60625 16.824 0.012
4532.63454 16.881 0.012
4537.59618 16.862 0.012
4540.64733 16.852 0.013
