2166.84886 16.812 0.013
2172.89886 17.166 0.014
2183.89214 17.137 0.022
2189.85456 16.808 0.014
2192.75850 17.049 0.013
2201.76819 16.819 0.012
2212.80299 16.914 0.014
2217.78740 16.793 0.013
2226.78234 17.019 0.016
2228.82578 16.830 0.011
2230.73922 16.969 0.014
2232.75943 16.806 0.012
2234.75340 16.979 0.012
2238.70400 16.987 0.013
2240.83301 16.837 0.012
2242.83873 17.135 0.017
2248.72000 16.799 0.011
2251.74964 17.039 0.013
2253.76724 16.852 0.011
2255.69553 17.056 0.015
2258.69500 17.047 0.012
2261.66777 16.855 0.013
2264.80361 16.800 0.010
2269.77649 16.927 0.013
2271.71997 16.943 0.014
2273.81513 16.994 0.014
2275.78861 16.940 0.014
2277.79138 16.968 0.013
2279.78824 16.871 0.011
2283.80822 16.868 0.011
2289.74509 17.003 0.014
2291.75118 16.890 0.025
2293.71954 17.074 0.019
2295.74061 16.820 0.010
2297.73154 17.069 0.015
2299.76393 16.845 0.013
2301.66936 17.021 0.014
2303.66472 16.870 0.015
2323.56592 16.770 0.011
2326.57292 17.050 0.015
2332.51630 16.967 0.019
2338.53885 16.962 0.014
2355.50426 16.872 0.017
2387.49452 16.902 0.021
2521.91435 16.990 0.015
2542.82675 17.154 0.015
2544.88439 16.908 0.015
2551.87463 16.813 0.013
2559.81256 16.831 0.013
2563.85780 16.807 0.014
2573.78507 17.213 0.019
2577.84783 17.227 0.018
2583.74432 16.832 0.014
2589.78434 17.196 0.014
2594.80118 16.868 0.018
2599.85599 16.824 0.012
2609.66222 17.135 0.017
2611.66624 16.801 0.014
2617.81290 16.993 0.014
2620.78186 17.126 0.014
2623.75513 16.909 0.013
2626.68022 16.800 0.012
2627.62201 16.904 0.019
2628.84729 17.175 0.019
2630.83606 16.835 0.015
2632.62679 17.110 0.015
2635.62196 16.900 0.012
2637.76214 16.907 0.013
2639.77836 16.935 0.011
2641.65265 16.901 0.013
2643.66418 16.935 0.014
2645.65615 16.886 0.011
2647.58289 16.936 0.013
2651.65078 16.962 0.013
2653.67515 16.817 0.014
2655.66021 17.032 0.014
2657.79394 16.878 0.015
2659.66112 16.992 0.012
2661.68580 16.854 0.012
2665.78771 16.827 0.012
2671.79365 17.062 0.018
2675.72410 17.084 0.013
2679.74951 17.055 0.016
2682.60766 16.903 0.014
2686.57685 16.887 0.015
2695.58496 17.157 0.015
2700.53594 16.986 0.016
2706.51733 17.010 0.018
2713.52098 16.839 0.015
2735.50111 17.243 0.019
2841.92511 17.080 0.016
2868.88777 17.191 0.015
2890.83088 16.867 0.015
2895.86662 17.022 0.012
2900.82229 17.155 0.014
2906.85332 16.847 0.011
2910.88665 16.853 0.011
2915.88682 17.095 0.013
2921.88552 16.798 0.013
2925.85538 16.790 0.012
2933.81239 16.801 0.010
2939.82081 17.205 0.015
2941.83890 16.816 0.010
2943.71364 17.235 0.015
2946.81669 16.938 0.014
2948.80701 16.854 0.013
2952.80308 16.847 0.013
2955.85796 17.178 0.019
2958.67327 17.002 0.016
2962.68421 17.005 0.014
2965.70125 16.844 0.014
2967.80060 17.083 0.023
2970.71379 17.067 0.013
2974.70576 17.053 0.014
2976.73962 16.782 0.011
2978.63418 17.041 0.014
2980.66057 16.798 0.012
2982.61976 17.043 0.014
2984.66091 16.780 0.012
2986.74874 17.135 0.015
2988.71674 16.814 0.012
2990.65009 17.093 0.013
2992.73664 16.822 0.012
2994.64686 17.155 0.014
2996.73350 16.809 0.012
2998.69257 17.179 0.026
2999.78460 16.953 0.014
3001.66333 16.938 0.013
3005.61596 16.916 0.014
3007.73441 16.918 0.014
3009.67026 16.952 0.012
3011.61582 16.897 0.015
3013.64647 16.941 0.013
3017.62176 16.960 0.011
3018.71358 17.220 0.018
3020.78880 16.878 0.018
3022.81533 17.178 0.014
3024.76386 16.829 0.012
3026.76118 17.135 0.021
3028.76865 16.820 0.010
3030.77352 17.106 0.013
3033.70082 17.040 0.011
3035.70711 16.843 0.012
3038.68545 17.094 0.016
3040.68506 16.873 0.014
3042.62860 17.095 0.014
3044.56256 16.906 0.015
3046.57800 17.089 0.014
3048.56294 16.839 0.010
3050.58182 17.007 0.012
3052.57884 16.894 0.013
3054.57969 17.037 0.014
3056.57688 16.905 0.012
3058.57058 17.068 0.016
3060.59111 16.873 0.012
3064.58901 16.908 0.014
3067.65259 16.827 0.012
3069.61269 17.161 0.014
3073.52208 17.276 0.021
3075.61677 16.829 0.013
3078.53665 16.889 0.014
3082.52562 16.865 0.014
3084.60158 16.952 0.011
3087.56309 16.813 0.012
3090.51874 16.863 0.014
3093.50011 17.330 0.024
3098.60900 16.894 0.015
3101.56672 17.200 0.025
3104.53987 17.067 0.014
3107.51983 16.845 0.016
3111.51341 16.852 0.014
3114.50738 16.834 0.013
3115.53170 16.884 0.014
3126.47181 16.833 0.013
3144.48709 17.355 0.024
3224.88729 16.820 0.014
3239.92128 16.894 0.012
3247.89226 16.846 0.012
3256.87058 16.828 0.012
3263.83749 16.802 0.010
3268.86118 16.806 0.011
3273.83281 17.049 0.015
3276.85087 16.861 0.014
3281.81578 17.055 0.011
3289.82925 17.088 0.014
3294.82742 16.952 0.011
3296.83278 16.891 0.010
3301.68371 17.083 0.017
3303.85271 16.828 0.014
3306.82733 16.894 0.012
3308.84435 16.974 0.014
3320.68759 16.968 0.013
3323.64058 16.824 0.013
3329.81665 17.167 0.023
3334.71648 16.827 0.012
3338.77223 16.832 0.011
3349.78850 17.001 0.012
3351.77331 16.943 0.011
3354.74147 16.808 0.013
3358.62781 16.812 0.010
3361.72354 16.982 0.012
3363.71372 16.902 0.013
3367.66723 16.912 0.014
3372.68600 17.149 0.012
3377.72218 16.909 0.015
3386.74796 16.838 0.010
3391.59328 16.986 0.014
3395.65733 17.001 0.014
3398.70505 16.881 0.012
3402.65032 16.870 0.011
3404.57813 17.217 0.016
3408.53157 17.185 0.014
3412.57696 17.108 0.015
3414.60853 16.907 0.014
3419.57573 17.143 0.015
3426.51486 16.893 0.013
3433.56595 16.811 0.013
3443.53655 17.269 0.017
3453.50289 16.861 0.013
3574.93773 16.825 0.012
3589.87945 16.955 0.012
3614.91978 16.828 0.014
3617.87646 16.846 0.011
3629.81597 16.825 0.014
3634.78205 16.852 0.011
3639.89231 17.027 0.011
3641.82599 16.807 0.011
3650.82135 16.874 0.010
3653.84931 16.786 0.010
3657.79984 16.797 0.010
3660.76559 16.970 0.014
3664.80103 16.942 0.011
3668.73732 16.977 0.015
3671.87292 17.224 0.016
3676.84831 16.858 0.012
3684.79247 16.848 0.010
3687.71154 17.207 0.014
3689.81013 16.821 0.011
3692.73453 16.805 0.011
3694.80844 17.034 0.013
3696.68377 16.826 0.011
3699.69603 17.171 0.013
3701.74690 16.838 0.011
3704.71343 16.789 0.010
3706.76763 17.091 0.013
3711.65861 17.071 0.013
3713.67230 16.875 0.011
3716.72136 16.770 0.014
3719.73670 16.974 0.015
3722.80728 17.181 0.014
3726.67156 17.122 0.014
3728.64428 16.786 0.009
3731.74486 16.904 0.011
3733.63101 16.902 0.011
3734.73399 17.185 0.014
3736.75286 16.797 0.010
3737.64149 16.891 0.011
3739.70361 16.872 0.010
3743.70774 16.847 0.012
3746.75013 17.241 0.017
3748.70276 16.795 0.013
3750.70893 17.211 0.014
3752.71702 16.816 0.010
3754.73826 17.201 0.014
3755.65805 16.860 0.015
3757.63216 17.030 0.013
3759.59778 16.843 0.014
3762.68267 17.188 0.013
3765.70457 16.998 0.010
3769.74518 17.067 0.012
3772.71346 16.858 0.011
3775.70536 16.886 0.014
3778.68390 16.989 0.012
3782.59204 16.998 0.013
3786.56806 16.972 0.014
3791.56440 16.796 0.011
3798.56405 16.959 0.012
3805.55123 17.148 0.014
3820.49656 16.941 0.012
3961.92688 16.938 0.014
3968.90896 16.812 0.011
3974.90496 17.163 0.015
3981.79794 16.935 0.013
3995.83290 16.780 0.012
4002.82903 17.110 0.012
4005.77910 17.029 0.012
4007.78327 16.789 0.009
4011.76369 16.776 0.011
4018.74535 17.007 0.014
4023.79775 16.814 0.009
4026.71344 16.953 0.012
4028.84949 16.897 0.010
4031.73721 16.802 0.010
4037.84614 17.184 0.013
4040.81350 16.888 0.012
4042.82827 16.786 0.010
4046.70409 16.840 0.012
4048.79302 16.964 0.013
4052.63592 16.949 0.010
4053.83359 17.213 0.014
4059.66442 16.827 0.011
4064.62890 16.986 0.010
4066.60849 16.802 0.013
4069.67586 17.092 0.013
4071.60095 16.853 0.012
4076.65406 17.080 0.016
4079.68928 16.843 0.013
4082.67964 16.774 0.011
4084.75948 17.112 0.014
4087.67895 16.820 0.011
4093.76797 16.887 0.011
4102.65620 16.820 0.014
4104.80297 17.305 0.018
4109.66384 16.843 0.011
4113.68245 16.840 0.010
4119.62065 17.017 0.014
4122.66951 16.810 0.010
4125.71692 16.833 0.013
4129.71634 16.836 0.012
4142.57454 16.859 0.014
4150.55102 16.851 0.012
4154.53277 16.894 0.020
4165.57872 16.820 0.014
4183.52499 17.314 0.023
4340.89943 17.194 0.014
4346.88672 16.823 0.014
4350.90612 16.784 0.012
4357.83973 16.790 0.014
4363.76822 16.989 0.014
4365.79184 16.818 0.014
4369.78742 16.760 0.014
4372.76210 17.143 0.014
4376.85266 16.999 0.016
4379.85923 17.083 0.014
4383.86331 17.082 0.016
4388.80337 16.966 0.016
4393.73118 16.804 0.013
4398.80639 16.898 0.013
4403.74704 17.213 0.020
4411.74221 17.200 0.014
4417.82508 16.821 0.011
4421.73747 16.794 0.011
4425.81069 16.827 0.016
4429.72145 16.817 0.015
4432.76299 16.791 0.011
4436.68949 16.791 0.014
4439.73368 17.099 0.017
4442.71107 17.049 0.014
4448.76675 16.767 0.012
4450.77141 17.078 0.017
4453.74723 16.920 0.013
4456.76058 16.808 0.014
4459.67061 16.919 0.014
4462.67260 17.116 0.015
4465.71282 16.889 0.012
4469.66598 16.907 0.015
4474.66798 17.145 0.014
4478.77075 17.210 0.015
4481.76951 16.972 0.013
4484.67925 16.836 0.015
4487.74163 16.802 0.017
4492.69418 16.831 0.013
4494.72864 17.325 0.020
4499.61036 16.798 0.014
4502.68322 17.302 0.020
4507.64194 16.836 0.014
4509.63921 17.073 0.016
4516.54750 16.905 0.019
4520.63647 16.842 0.018
4522.54646 17.037 0.018
4524.56049 16.955 0.016
4530.56563 16.971 0.017
4532.55767 16.917 0.017
4537.55571 17.191 0.018
4540.60444 16.916 0.016
