 455.67397 17.572 0.009
 455.74821 17.618 0.010
 455.79578 17.648 0.011
 456.61588 17.569 0.009
 456.66561 17.582 0.014
 456.69839 17.572 0.013
 456.73640 17.542 0.010
 456.78380 17.524 0.009
 456.83523 17.519 0.010
 457.58357 17.805 0.011
 457.62752 17.805 0.012
 457.68614 17.715 0.011
 457.74474 17.656 0.011
 457.80338 17.570 0.010
 457.83287 17.548 0.011
 458.65995 17.841 0.013
 458.72902 17.833 0.014
 459.57717 17.712 0.012
 459.62333 17.737 0.012
 459.68191 17.777 0.012
 459.74134 17.730 0.012
 459.78521 17.809 0.013
 459.82901 17.785 0.014
 461.58809 17.559 0.011
 461.63183 17.536 0.010
 461.69052 17.546 0.010
 461.75667 17.594 0.011
 461.81867 17.632 0.012
 462.58861 17.638 0.010
 462.64723 17.569 0.010
 462.69321 17.540 0.010
 465.69528 17.771 0.014
 465.73975 17.739 0.013
 465.82450 17.778 0.012
 466.67578 17.652 0.012
 466.74233 17.678 0.011
 466.82731 17.746 0.012
 467.67944 17.514 0.010
 467.78404 17.561 0.010
 467.84997 17.636 0.014
 468.69034 17.589 0.011
 468.75628 17.556 0.011
 468.81490 17.544 0.009
 468.83692 17.547 0.010
 469.68703 17.818 0.014
 469.76515 17.761 0.014
 469.83410 17.666 0.014
 470.76574 17.828 0.018
 470.81283 17.881 0.019
 471.67285 17.730 0.013
 471.80963 17.779 0.020
 472.64750 17.590 0.011
 472.69128 17.629 0.011
 472.73507 17.653 0.013
 472.80099 17.697 0.016
 472.83050 17.717 0.017
 474.72702 17.598 0.013
 475.56138 17.828 0.015
 475.62016 17.829 0.015
 475.68626 17.805 0.018
 475.73841 17.846 0.017
 476.77242 17.814 0.017
 477.55811 17.665 0.011
 477.60944 17.688 0.011
 477.75689 17.741 0.012
 477.83774 17.769 0.015
 478.56427 17.552 0.010
 478.78467 17.637 0.011
 478.84360 17.685 0.013
 479.56309 17.580 0.011
 479.60696 17.555 0.009
 479.74074 17.536 0.012
 479.84456 17.568 0.014
 480.59916 17.799 0.013
 480.68030 17.706 0.011
 480.77389 17.572 0.010
 480.81800 17.566 0.012
 481.58434 17.800 0.013
 481.73272 17.834 0.014
 481.77669 17.815 0.015
 481.82064 17.807 0.014
 482.73357 17.805 0.012
 482.81147 17.823 0.014
 483.59983 17.628 0.013
 483.64428 17.657 0.012
 483.68816 17.697 0.011
 483.73213 17.708 0.012
 483.77604 17.738 0.014
 483.81997 17.760 0.015
 484.59851 17.501 0.010
 484.70718 17.551 0.011
 484.75154 17.618 0.011
 484.79556 17.648 0.012
 485.60215 17.581 0.010
 485.74909 17.546 0.010
 485.79321 17.547 0.011
 486.59868 17.821 0.015
 486.68502 17.755 0.014
 486.74074 17.691 0.012
 486.78592 17.633 0.012
 487.62564 17.808 0.011
 487.67389 17.850 0.011
 487.72172 17.826 0.011
 487.76581 17.831 0.012
 487.81000 17.846 0.013
 488.61116 17.712 0.011
 488.65506 17.740 0.011
 488.72394 17.767 0.014
 488.76793 17.775 0.015
 488.81201 17.816 0.016
 489.58686 17.606 0.010
 489.67585 17.668 0.010
 489.71975 17.686 0.010
 489.76370 17.699 0.012
 490.58010 17.554 0.009
 490.71726 17.565 0.010
 490.76138 17.616 0.011
 490.80537 17.601 0.011
 491.60460 17.662 0.010
 491.65642 17.575 0.010
 491.70055 17.558 0.011
 491.81398 17.540 0.012
 492.58878 17.871 0.014
 492.66311 17.834 0.016
 493.59182 17.812 0.013
 493.63629 17.785 0.012
 494.58655 17.718 0.011
 494.63048 17.694 0.011
 494.67467 17.769 0.013
 494.71900 17.754 0.012
 494.76398 17.773 0.012
 495.58934 17.577 0.012
 495.66297 17.615 0.013
 495.71646 17.670 0.017
 496.58471 17.546 0.011
 496.62949 17.571 0.012
 496.67358 17.524 0.015
 496.71850 17.513 0.015
 498.58380 17.861 0.013
 498.62783 17.848 0.013
 498.74157 17.798 0.013
 498.78554 17.706 0.014
 499.57876 17.794 0.014
 499.62445 17.769 0.012
 499.76475 17.773 0.016
 500.54798 17.653 0.015
 500.62144 17.743 0.018
 500.66639 17.727 0.015
 500.71750 17.712 0.015
 500.76195 17.719 0.018
 501.58564 17.575 0.013
 501.70439 17.637 0.015
 507.57407 17.529 0.010
 507.61925 17.554 0.013
 507.69107 17.595 0.017
 509.56992 17.840 0.015
 509.61705 17.834 0.015
 509.66938 17.740 0.015
 510.61156 17.822 0.015
 510.65712 17.831 0.016
 510.70470 17.805 0.018
 511.69701 17.800 0.020
 512.60369 17.666 0.012
 512.65199 17.696 0.017
 512.72632 17.770 0.013
 513.58400 17.539 0.012
 513.62956 17.528 0.009
 513.72127 17.590 0.011
 514.59222 17.642 0.010
 514.66131 17.591 0.013
 514.71164 17.552 0.011
 514.75850 17.551 0.010
 515.58637 17.835 0.012
 515.64111 17.825 0.012
 515.68935 17.762 0.013
 516.59268 17.800 0.018
 516.64687 17.777 0.015
 516.69385 17.859 0.015
 516.74034 17.858 0.018
 517.59066 17.696 0.014
 517.64050 17.744 0.014
 517.69049 17.751 0.016
 517.73662 17.756 0.015
 518.62801 17.587 0.012
 518.67326 17.630 0.015
 518.72234 17.669 0.015
 519.58862 17.550 0.010
 519.63527 17.555 0.013
 519.71767 17.534 0.013
 520.72943 17.554 0.013
 521.58495 17.826 0.015
 521.63005 17.799 0.016
 521.69284 17.847 0.019
 523.59418 17.710 0.016
 523.64700 17.727 0.013
 523.69689 17.756 0.017
 524.58661 17.622 0.014
 524.63658 17.575 0.016
 526.57359 17.744 0.018
 527.69875 17.821 0.018
 530.58889 17.544 0.018
 531.58630 17.542 0.015
 532.57578 17.825 0.018
 533.59301 17.790 0.017
 534.58224 17.751 0.016
 534.62632 17.702 0.015
 534.67809 17.760 0.019
 535.56680 17.628 0.012
 535.62710 17.677 0.014
 536.54596 17.526 0.012
 536.59113 17.547 0.012
 536.64167 17.584 0.016
 537.54055 17.674 0.012
 537.64075 17.571 0.012
 538.52853 17.842 0.017
 538.58027 17.851 0.014
 539.53717 17.747 0.013
 539.64825 17.824 0.014
 540.65399 17.757 0.015
 541.54754 17.603 0.011
 541.60456 17.603 0.011
 542.53664 17.582 0.011
 542.58851 17.568 0.011
 542.63598 17.555 0.012
 543.57487 17.680 0.012
 543.61892 17.597 0.012
 543.65597 17.571 0.012
 544.52763 17.823 0.013
 544.57194 17.823 0.013
 544.61621 17.821 0.015
 544.66146 17.769 0.014
 551.51737 17.706 0.011
 552.52883 17.681 0.013
 553.53419 17.525 0.014
 554.51089 17.623 0.017
 554.59634 17.551 0.019
 555.51722 17.821 0.028
 557.61780 17.756 0.021
 558.56457 17.673 0.027
 559.54841 17.557 0.017
 560.52644 17.622 0.019
 561.52646 17.842 0.020
 562.52801 17.796 0.021
 564.52921 17.552 0.017
 565.53499 17.554 0.015
 566.52897 17.690 0.016
 567.53006 17.836 0.016
 568.51531 17.803 0.025
 569.52508 17.713 0.018
 571.51095 17.556 0.015
 572.54120 17.746 0.018
 574.50312 17.726 0.015
 575.50172 17.663 0.018
 577.51069 17.558 0.015
 578.52423 17.764 0.020
 582.50640 17.543 0.018
 583.50916 17.640 0.016
 672.89461 17.759 0.014
 689.87860 17.690 0.015
 699.87982 17.548 0.013
 701.84543 17.827 0.021
 704.88794 17.653 0.018
 706.86935 17.589 0.018
 714.84521 17.766 0.015
 716.80140 17.550 0.014
 720.85773 17.734 0.018
 728.79656 17.549 0.013
 729.79660 17.665 0.017
 730.75214 17.829 0.016
 733.84316 17.609 0.020
 741.84637 17.695 0.016
 745.80124 17.542 0.014
 747.84960 17.751 0.016
 753.80347 17.817 0.018
 759.83803 17.815 0.017
 766.81215 17.759 0.021
 772.83129 17.717 0.018
 775.81300 17.574 0.013
 779.83165 17.667 0.014
 787.80804 17.692 0.014
 789.79206 17.763 0.017
 790.80253 17.700 0.015
 795.76017 17.741 0.016
 796.83206 17.675 0.015
 797.75983 17.537 0.014
 798.73181 17.647 0.015
 805.81669 17.869 0.022
 816.78771 17.744 0.015
 817.70696 17.779 0.015
 819.80663 17.701 0.018
 822.82084 17.781 0.014
 824.85008 17.726 0.018
 826.67358 17.546 0.014
 829.74416 17.788 0.018
 832.70038 17.539 0.013
 836.79920 17.738 0.018
 840.67857 17.783 0.020
 843.67901 17.568 0.014
 850.65261 17.700 0.016
 854.69043 17.566 0.016
 855.65732 17.573 0.018
 856.62364 17.808 0.020
 858.59620 17.750 0.017
 864.74629 17.875 0.033
 875.57153 17.755 0.015
 880.55709 17.815 0.018
 887.57040 17.718 0.018
 892.69872 17.767 0.018
 895.54482 17.581 0.016
 898.55172 17.759 0.013
 918.53991 17.582 0.026
 922.61904 17.713 0.018
 928.54500 17.670 0.020
 933.57667 17.731 0.019
 947.51631 17.636 0.024
 952.51017 17.536 0.015
1045.90477 17.699 0.019
1051.88499 17.678 0.018
1052.92023 17.546 0.018
1053.90046 17.586 0.013
1054.91613 17.806 0.017
1055.88862 17.735 0.022
1059.90139 17.596 0.018
1061.91115 17.738 0.020
1069.85858 17.561 0.014
1076.88052 17.555 0.014
1087.83074 17.540 0.014
1091.83324 17.674 0.019
1102.81564 17.715 0.012
1106.87067 17.822 0.016
1107.79845 17.780 0.017
1113.81122 17.764 0.015
1119.81594 17.751 0.016
1128.82420 17.606 0.015
1131.70976 17.655 0.020
1132.76179 17.573 0.014
1136.79510 17.757 0.015
1138.82153 17.584 0.014
1142.68622 17.745 0.014
1144.75513 17.550 0.012
1151.78099 17.613 0.016
1155.78030 17.573 0.013
1158.77779 17.821 0.017
1161.75572 17.527 0.011
1165.77645 17.699 0.015
1169.77132 17.801 0.017
1174.74515 17.701 0.015
1179.76197 17.503 0.016
1181.83406 17.845 0.020
1186.78846 17.719 0.013
1187.84972 17.829 0.016
1192.69559 17.866 0.016
1196.72848 17.520 0.017
1201.73735 17.568 0.017
1203.75716 17.646 0.015
1207.61406 17.520 0.016
1211.65181 17.750 0.017
1214.65271 17.652 0.017
1217.62755 17.735 0.017
1220.63239 17.727 0.016
1223.65862 17.667 0.015
1225.59957 17.574 0.012
1227.68006 17.830 0.025
1231.57598 17.681 0.018
1234.62421 17.754 0.019
1236.63173 17.488 0.019
1240.58417 17.700 0.017
1242.68587 17.538 0.018
1244.63549 17.844 0.018
1247.56608 17.577 0.018
1256.55077 17.761 0.021
1260.57630 17.680 0.016
1265.55123 17.563 0.015
1274.52914 17.726 0.020
1277.53342 17.691 0.018
1281.56190 17.592 0.018
1288.53165 17.579 0.019
1290.59907 17.830 0.021
1296.53641 17.797 0.021
1298.57432 17.682 0.026
1301.51609 17.810 0.023
1305.56187 17.546 0.017
1308.49138 17.762 0.018
1313.53790 17.855 0.026
1316.52975 17.550 0.009
1319.50604 17.824 0.018
1329.49985 17.667 0.022
1330.49938 17.837 0.027
1335.47575 17.768 0.021
1342.47457 17.823 0.024
1412.86440 17.753 0.018
1418.86162 17.803 0.019
1430.91617 17.852 0.023
1432.84999 17.691 0.021
1435.82601 17.823 0.023
1437.80991 17.710 0.018
1440.85756 17.593 0.017
1446.86962 17.606 0.019
1447.89516 17.834 0.022
1451.87941 17.509 0.015
1455.85825 17.717 0.022
1459.79690 17.837 0.018
1462.80119 17.545 0.018
1470.86153 17.796 0.017
1475.77417 17.734 0.017
1478.72954 17.656 0.018
1481.70317 17.838 0.021
1484.85262 17.726 0.016
1487.74956 17.819 0.016
1490.72942 17.628 0.018
1492.72254 17.755 0.018
1495.72102 17.671 0.016
1499.67880 17.829 0.022
1502.67406 17.526 0.017
1505.71465 17.761 0.018
1507.84808 17.731 0.018
1510.82408 17.748 0.018
1512.72085 17.759 0.020
1514.83195 17.558 0.016
1517.66740 17.704 0.018
1519.74104 17.611 0.014
1521.67678 17.782 0.017
1523.79753 17.755 0.023
1525.79191 17.578 0.014
1527.72084 17.771 0.016
1528.76722 17.810 0.016
1529.78827 17.762 0.015
1531.78142 17.569 0.014
1538.73794 17.606 0.014
1541.69404 17.724 0.012
1542.72392 17.596 0.015
1544.64994 17.771 0.016
1547.77686 17.731 0.014
1548.75446 17.563 0.013
1549.74872 17.523 0.011
1552.61347 17.730 0.015
1554.73994 17.543 0.012
1555.74663 17.517 0.012
1562.74959 17.870 0.021
1564.62819 17.638 0.019
1567.72074 17.691 0.018
1570.62608 17.656 0.015
1574.75277 17.818 0.015
1577.70246 17.576 0.014
1580.73851 17.793 0.017
1583.62388 17.533 0.014
1586.62415 17.743 0.015
1589.62870 17.561 0.015
1592.62046 17.765 0.016
1595.66636 17.543 0.016
1599.60606 17.621 0.014
1601.68404 17.572 0.017
1604.56558 17.696 0.018
1606.60045 17.586 0.016
1609.64180 17.763 0.017
1610.62693 17.730 0.017
1613.51795 17.867 0.020
1615.54990 17.704 0.016
1617.62129 17.537 0.013
1619.60493 17.873 0.021
1620.55611 17.801 0.023
1622.50627 17.603 0.018
1624.50282 17.696 0.020
1626.50367 17.820 0.021
1627.62477 17.706 0.019
1629.50382 17.569 0.015
1630.58521 17.672 0.016
1632.52175 17.751 0.018
1634.49947 17.533 0.014
1643.49138 17.742 0.022
1646.49037 17.603 0.018
1650.57682 17.801 0.035
1654.52882 17.877 0.025
1656.51501 17.668 0.016
1659.52247 17.725 0.020
1661.54642 17.712 0.018
1663.57169 17.559 0.014
1667.51335 17.706 0.022
1670.53509 17.614 0.018
1673.50556 17.696 0.023
1681.47547 17.705 0.036
1691.52338 17.747 0.017
1694.47995 17.817 0.024
1769.86703 17.530 0.016
1771.89385 17.874 0.028
1772.87371 17.797 0.018
1775.87480 17.547 0.014
1784.85936 17.741 0.020
1789.84808 17.832 0.013
1804.79771 17.566 0.016
1808.87827 17.713 0.018
1812.79281 17.801 0.016
1816.80417 17.683 0.014
1821.79473 17.564 0.013
1823.83684 17.882 0.017
1826.81992 17.547 0.015
1829.79358 17.849 0.022
1830.80690 17.755 0.019
1834.84587 17.748 0.018
1845.84332 17.650 0.014
1851.84069 17.699 0.019
1859.78301 17.727 0.016
1861.80022 17.530 0.015
1864.77765 17.771 0.015
1865.75787 17.675 0.014
1867.81163 17.543 0.013
1868.79722 17.667 0.012
1870.73050 17.748 0.015
1871.81451 17.729 0.013
1873.77405 17.544 0.013
2123.93450 17.648 0.022
2130.92356 17.828 0.028
2131.92535 17.733 0.029
2132.92352 17.679 0.024
2134.92508 17.580 0.022
2140.92475 17.568 0.021
2142.91199 17.809 0.029
2144.92237 17.594 0.020
2156.89607 17.570 0.027
2161.86302 17.654 0.027
2173.87628 17.607 0.018
2190.80798 17.606 0.019
2192.84593 17.663 0.019
2201.83238 17.706 0.018
2214.81394 17.509 0.020
2221.75684 17.832 0.027
2224.76955 17.650 0.019
2227.67217 17.830 0.022
2229.68563 17.724 0.024
2230.82979 17.644 0.019
2237.76461 17.569 0.018
2241.68986 17.635 0.022
2243.74372 17.577 0.020
2247.82559 17.709 0.020
2248.82818 17.577 0.016
2250.81497 17.762 0.021
2252.67528 17.760 0.022
2254.66634 17.564 0.017
2257.67301 17.763 0.019
2260.67972 17.567 0.019
2264.68510 17.681 0.019
2266.67121 17.580 0.018
2270.67890 17.657 0.018
2271.81926 17.582 0.015
2272.82721 17.560 0.021
2274.66473 17.775 0.024
2276.77484 17.653 0.019
2277.82814 17.573 0.017
2279.84574 17.729 0.019
2280.81929 17.830 0.028
2282.70891 17.595 0.018
2283.87005 17.564 0.021
2288.77751 17.601 0.025
2290.81480 17.669 0.022
2292.78782 17.732 0.026
2294.76415 17.592 0.027
2296.77979 17.774 0.032
2298.73650 17.739 0.024
2302.72365 17.808 0.030
2304.76785 17.745 0.033
2323.59973 17.551 0.016
2327.58515 17.681 0.023
2333.59517 17.652 0.027
2339.57156 17.613 0.019
2345.53263 17.557 0.020
2351.51076 17.534 0.019
2369.50827 17.568 0.020
2385.49396 17.601 0.026
2529.83955 17.767 0.024
2539.84198 17.697 0.024
2545.81155 17.801 0.027
2552.86519 17.810 0.027
2556.85656 17.596 0.018
2560.76498 17.552 0.018
2564.87325 17.781 0.023
2573.86996 17.545 0.020
2578.79432 17.529 0.020
2583.84872 17.634 0.023
2590.75492 17.589 0.019
2596.76753 17.630 0.024
2605.79479 17.741 0.021
2609.76695 17.833 0.028
2614.72524 17.846 0.028
2618.78021 17.546 0.018
2621.70532 17.790 0.018
2624.61127 17.581 0.022
2627.70978 17.753 0.032
2629.73273 17.604 0.019
2632.65867 17.776 0.021
2635.70591 17.541 0.016
2638.67689 17.794 0.021
2640.77378 17.684 0.021
2642.73000 17.560 0.023
2644.73270 17.808 0.021
2646.68693 17.617 0.021
2650.74250 17.836 0.023
2652.79989 17.683 0.018
2654.76530 17.644 0.022
2656.67072 17.749 0.023
2658.63247 17.550 0.019
2660.65080 17.838 0.023
2662.66174 17.710 0.020
2664.64180 17.543 0.018
2666.70519 17.828 0.018
2668.69131 17.764 0.022
2670.65343 17.548 0.023
2672.79219 17.781 0.024
2674.69294 17.717 0.021
2676.68205 17.538 0.017
2678.73530 17.805 0.023
2680.64606 17.667 0.019
2682.69211 17.505 0.022
2687.57192 17.573 0.022
2693.53115 17.581 0.017
2696.56788 17.765 0.024
2701.54953 17.839 0.027
2707.55130 17.746 0.023
2839.92000 17.547 0.020
2867.89101 17.557 0.021
2885.86870 17.547 0.018
2892.89721 17.742 0.025
2897.86612 17.600 0.021
2907.78634 17.546 0.018
2911.82373 17.760 0.018
2916.87415 17.838 0.020
2922.85785 17.787 0.032
2926.78955 17.701 0.020
2930.85923 17.624 0.019
2934.76126 17.744 0.019
2940.74111 17.742 0.019
2943.74630 17.643 0.021
2947.75495 17.572 0.019
2949.84495 17.589 0.017
2953.71209 17.548 0.021
2956.73743 17.809 0.019
2958.76379 17.638 0.023
2962.77629 17.785 0.018
2965.79932 17.551 0.018
2968.66661 17.768 0.025
2973.79011 17.851 0.020
2976.80254 17.604 0.018
2978.71019 17.770 0.023
2980.72261 17.720 0.020
2982.71533 17.518 0.018
2984.76246 17.755 0.021
2986.84513 17.762 0.025
2988.81550 17.560 0.018
2989.77081 17.563 0.017
2991.66595 17.783 0.021
2993.68638 17.535 0.019
2995.75421 17.617 0.017
2997.73190 17.777 0.022
3001.79094 17.650 0.019
3003.76159 17.787 0.022
3005.72343 17.555 0.018
3007.64485 17.841 0.021
3009.64270 17.740 0.021
3011.74228 17.535 0.022
3017.74779 17.543 0.018
3019.67582 17.824 0.022
3021.79439 17.730 0.019
3023.65617 17.566 0.015
3025.62407 17.831 0.019
3027.67345 17.655 0.018
3029.65848 17.586 0.017
3031.72840 17.851 0.022
3033.79204 17.705 0.018
3035.79887 17.555 0.017
3038.77649 17.768 0.024
3041.61700 17.781 0.028
3043.65104 17.796 0.027
3045.71396 17.599 0.019
3047.66771 17.769 0.022
3048.59649 17.803 0.017
3050.61600 17.633 0.016
3052.61720 17.583 0.017
3054.61742 17.790 0.022
3056.60987 17.601 0.017
3058.60386 17.652 0.018
3060.65346 17.798 0.020
3068.53938 17.542 0.021
3070.60029 17.794 0.032
3073.63148 17.680 0.025
3076.54509 17.808 0.031
3078.64050 17.742 0.019
3082.61831 17.846 0.018
3085.51940 17.563 0.019
3087.65759 17.624 0.025
3090.62374 17.713 0.021
3096.53962 17.691 0.026
3099.60940 17.788 0.031
3102.58801 17.621 0.021
3104.57473 17.613 0.021
3107.55843 17.744 0.027
3110.55650 17.753 0.025
3113.53441 17.717 0.024
3128.50692 17.799 0.028
3140.51391 17.843 0.023
3216.87814 17.828 0.033
3248.86326 17.618 0.023
3257.89160 17.849 0.019
3264.81294 17.725 0.016
3270.87973 17.719 0.018
3277.88741 17.621 0.019
3287.76907 17.769 0.018
3295.72749 17.533 0.013
3297.71946 17.820 0.015
3299.78378 17.718 0.013
3301.78100 17.588 0.024
3304.84134 17.722 0.020
3307.71488 17.645 0.026
3309.74710 17.790 0.019
3311.74507 17.633 0.018
3320.78803 17.799 0.018
3323.73416 17.547 0.017
3327.76000 17.739 0.019
3330.71865 17.648 0.023
3334.81758 17.670 0.021
3338.86601 17.815 0.026
3339.76535 17.695 0.020
3354.78126 17.716 0.021
3358.82996 17.604 0.016
3365.76005 17.608 0.018
3372.77645 17.836 0.021
3378.68907 17.813 0.021
3387.68157 17.508 0.022
3391.75682 17.724 0.021
3399.72563 17.568 0.019
3403.71297 17.668 0.019
3406.68250 17.814 0.016
3410.63545 17.538 0.015
3415.63265 17.554 0.015
3427.59637 17.524 0.018
3433.61897 17.593 0.019
3438.54817 17.542 0.015
3446.50533 17.817 0.023
3455.52866 17.570 0.026
3461.52273 17.505 0.018
3473.48206 17.573 0.020
3575.94071 17.845 0.028
3592.93256 17.799 0.018
3619.83448 17.539 0.017
3629.90796 17.721 0.022
3633.87299 17.862 0.023
3639.78547 17.769 0.018
3644.82209 17.873 0.018
3651.76525 17.776 0.018
3654.81277 17.579 0.016
3658.77679 17.608 0.020
3661.84749 17.776 0.025
3668.82022 17.808 0.022
3672.80849 17.732 0.018
3676.76528 17.535 0.017
3684.82727 17.809 0.018
3687.80168 17.618 0.016
3690.72154 17.807 0.023
3693.75556 17.582 0.018
3695.78832 17.723 0.017
3698.77007 17.675 0.020
3700.79865 17.559 0.015
3703.72953 17.702 0.016
3705.79670 17.551 0.014
3708.78463 17.816 0.022
3712.74225 17.676 0.018
3714.81248 17.810 0.018
3717.67492 17.525 0.018
3719.84744 17.791 0.027
3721.80841 17.718 0.019
3726.70425 17.755 0.025
3730.73649 17.819 0.018
3732.72858 17.744 0.017
3734.85942 17.545 0.018
3737.76036 17.778 0.016
3739.83034 17.665 0.017
3741.84328 17.631 0.023
3743.74041 17.830 0.021
3746.78292 17.588 0.021
3748.73612 17.815 0.024
3749.74170 17.700 0.024
3751.75306 17.546 0.018
3753.70456 17.822 0.020
3755.70556 17.733 0.018
3757.69542 17.567 0.018
3759.76021 17.816 0.018
3762.78172 17.664 0.021
3765.76881 17.841 0.017
3770.64132 17.804 0.017
3773.70740 17.618 0.020
3776.67772 17.789 0.024
3779.63230 17.536 0.025
3782.74590 17.810 0.024
3787.60911 17.798 0.020
3792.55983 17.638 0.018
3800.54182 17.737 0.020
3809.54906 17.571 0.023
3823.50916 17.792 0.021
3946.93135 17.782 0.027
3964.88773 17.715 0.017
3969.91854 17.780 0.019
3981.88634 17.784 0.025
3989.91496 17.520 0.024
3998.87866 17.770 0.018
3999.84114 17.707 0.017
4001.89016 17.562 0.014
4004.85413 17.730 0.017
4005.86808 17.653 0.017
4008.73435 17.833 0.018
4011.90124 17.671 0.026
4018.86402 17.554 0.016
4024.73147 17.631 0.016
4026.80453 17.784 0.017
4029.75376 17.512 0.017
4032.76906 17.779 0.025
4038.73513 17.732 0.019
4041.69639 17.600 0.018
4043.70124 17.797 0.024
4046.79297 17.558 0.021
4049.66390 17.780 0.020
4052.72531 17.536 0.016
4054.71211 17.841 0.027
4056.77013 17.698 0.018
4058.80246 17.532 0.014
4063.70106 17.531 0.014
4066.75837 17.819 0.018
4068.66326 17.608 0.016
4070.68835 17.597 0.018
4077.80450 17.745 0.019
4079.84939 17.757 0.020
4083.69496 17.814 0.026
4085.76069 17.683 0.019
4093.74522 17.546 0.014
4105.81779 17.551 0.018
4109.78766 17.626 0.016
4113.74349 17.771 0.016
4120.77372 17.695 0.017
4122.73018 17.534 0.015
4125.78445 17.800 0.023
4132.67221 17.557 0.020
4142.72319 17.767 0.028
4156.55829 17.599 0.018
4168.51294 17.774 0.023
4197.49220 17.812 0.027
4341.92462 17.628 0.026
4347.87554 17.556 0.019
4353.80951 17.547 0.018
4358.90781 17.643 0.022
4364.87223 17.595 0.021
4367.89668 17.823 0.024
4371.76197 17.639 0.020
4377.81834 17.646 0.020
4380.83327 17.743 0.020
4386.80899 17.713 0.024
4390.77090 17.793 0.021
4394.72705 17.620 0.018
4399.74500 17.548 0.029
4412.72350 17.791 0.023
4418.81690 17.777 0.018
4421.86271 17.680 0.025
4426.76061 17.711 0.029
4430.68799 17.787 0.031
4432.74718 17.690 0.018
4436.78711 17.817 0.027
4439.85219 17.600 0.026
4443.74022 17.739 0.026
4449.70309 17.724 0.018
4451.71284 17.547 0.020
4455.71192 17.698 0.023
4457.74238 17.534 0.019
4460.81402 17.785 0.028
4463.73231 17.568 0.017
4466.72131 17.732 0.018
4470.66877 17.869 0.023
4473.71150 17.593 0.018
4477.76998 17.827 0.024
4486.75162 17.555 0.020
4491.72515 17.531 0.023
4494.67051 17.753 0.027
4498.70324 17.670 0.019
4501.70049 17.719 0.023
4506.63461 17.734 0.022
4508.65764 17.540 0.017
4510.72722 17.739 0.021
4517.66144 17.771 0.026
4521.64198 17.698 0.020
4524.60471 17.703 0.020
4530.63068 17.629 0.019
4532.65643 17.539 0.018
4536.62867 17.617 0.018
4539.51064 17.815 0.023
4541.61978 17.744 0.023
