 831.63439 14.397 0.005
 831.68300 14.405 0.005
 832.78090 14.418 0.005
 833.71351 14.358 0.005
 834.74339 14.320 0.005
 836.68017 14.401 0.005
 837.71002 14.423 0.005
 838.75705 14.359 0.005
 839.71153 14.325 0.005
 840.69671 14.354 0.005
 841.77146 14.412 0.005
 842.69221 14.424 0.005
 843.69775 14.354 0.005
 844.69179 14.328 0.005
 845.80135 14.361 0.005
 846.75718 14.415 0.005
 850.73583 14.354 0.005
 854.78084 14.334 0.005
 855.72620 14.353 0.005
 856.68818 14.406 0.005
 857.69200 14.422 0.005
 858.71047 14.343 0.005
 859.66711 14.329 0.005
 860.69708 14.422 0.005
 866.58173 14.947 0.005
 867.56201 14.764 0.005
 874.56276 14.332 0.005
 875.61645 14.358 0.005
 876.55279 14.407 0.005
 877.50837 14.419 0.005
 878.60059 14.335 0.005
 879.58417 14.326 0.005
 880.57820 14.352 0.005
 881.51648 14.400 0.005
 885.54925 14.365 0.005
 887.51475 14.415 0.005
 890.52930 14.357 0.005
 891.51601 14.415 0.005
 892.50528 14.421 0.005
 893.65906 14.339 0.005
 895.63011 14.365 0.005
 896.63679 14.415 0.005
 900.60827 14.362 0.005
 918.56149 14.344 0.005
 920.52617 14.375 0.005
 922.52681 14.412 0.005
 925.61628 14.373 0.005
 934.51278 14.335 0.005
1074.82699 14.366 0.005
1076.85899 14.423 0.005
1080.74972 14.427 0.005
1083.86966 14.328 0.005
1084.86529 14.371 0.005
1087.88941 14.328 0.005
1090.73299 14.424 0.005
1091.79692 14.422 0.005
1092.84458 14.327 0.005
1093.79266 14.336 0.005
1106.81607 14.430 0.005
1108.83158 14.336 0.005
1116.77214 14.436 0.005
1126.72599 14.428 0.005
1131.79528 14.428 0.005
1132.86646 14.337 0.005
1136.85279 14.411 0.005
1137.84881 14.326 0.005
1141.72207 14.431 0.005
1142.81647 14.327 0.005
1152.77455 14.321 0.005
1154.79944 14.385 0.005
1156.72731 14.414 0.005
1158.79964 14.337 0.005
1159.78254 14.387 0.005
1160.85185 14.423 0.005
1161.84639 14.388 0.005
1163.84970 14.342 0.005
1165.82633 14.423 0.005
1167.80964 14.325 0.005
1168.79268 14.340 0.005
1171.78325 14.381 0.005
1175.78223 14.430 0.005
1179.83239 14.397 0.005
1182.85501 14.333 0.005
1183.85326 14.354 0.005
1186.85674 14.357 0.005
1192.74014 14.329 0.005
1193.68255 14.343 0.005
1194.73341 14.403 0.005
1195.69435 14.428 0.005
1196.66856 14.384 0.005
1202.75807 14.327 0.005
1204.73476 14.404 0.005
1207.74569 14.328 0.005
1211.75682 14.354 0.005
1214.67091 14.406 0.005
1215.57570 14.422 0.005
1216.65214 14.357 0.005
1217.73385 14.327 0.005
1219.64754 14.403 0.005
1220.75555 14.422 0.005
1221.62135 14.366 0.005
1223.70998 14.350 0.005
1224.58993 14.402 0.005
1226.59959 14.356 0.005
1227.60440 14.321 0.005
1230.66920 14.419 0.005
1233.56524 14.342 0.005
1235.70302 14.412 0.005
1237.58531 14.337 0.005
1238.62556 14.354 0.005
1240.70131 14.416 0.005
1242.51923 14.328 0.005
1244.65573 14.406 0.005
1247.51354 14.327 0.005
1248.61376 14.354 0.005
1251.56826 14.348 0.005
1254.58278 14.413 0.005
1255.61603 14.418 0.005
1256.62006 14.345 0.005
1258.60722 14.492 0.005
1261.51302 14.635 0.005
1261.61604 14.647 0.005
1262.61456 14.806 0.005
1263.55164 14.909 0.005
1263.58349 14.908 0.005
1264.52406 14.887 0.005
1265.57136 14.677 0.005
1266.54985 14.500 0.005
1267.54561 14.456 0.005
1268.54117 14.420 0.005
1270.54232 14.416 0.005
1272.52590 14.330 0.005
1273.55235 14.360 0.005
1274.54369 14.411 0.005
1275.55812 14.422 0.005
1276.54845 14.343 0.005
1277.55347 14.328 0.005
1278.55974 14.366 0.005
1279.54254 14.409 0.005
1290.52389 14.415 0.005
1296.60946 14.330 0.005
1298.50041 14.361 0.005
1301.57481 14.333 0.005
1306.49181 14.335 0.005
1315.52421 14.419 0.005
1318.50673 14.370 0.005
1320.49949 14.417 0.005
1330.50969 14.416 0.005
1431.86226 14.327 0.005
1433.85721 14.421 0.005
1435.89901 14.333 0.005
1437.89390 14.370 0.005
1439.84897 14.420 0.005
1441.86763 14.332 0.005
1447.82033 14.368 0.005
1449.86215 14.432 0.005
1453.80960 14.438 0.005
1454.87568 14.427 0.005
1455.80692 14.356 0.005
1459.74285 14.488 0.005
1462.82046 14.460 0.005
1471.81814 14.331 0.005
1476.70979 14.326 0.005
1478.78811 14.425 0.005
1484.77628 14.431 0.005
1487.84713 14.382 0.005
1489.75820 14.431 0.005
1491.78691 14.335 0.005
1493.72891 14.425 0.005
1496.62578 14.334 0.005
1498.69287 14.423 0.005
1500.83308 14.324 0.005
1503.66840 14.427 0.005
1505.77565 14.332 0.005
1507.72668 14.382 0.005
1508.67939 14.426 0.005
1509.70462 14.428 0.005
1511.69791 14.335 0.005
1512.80263 14.384 0.005
1514.74626 14.428 0.005
1517.71138 14.381 0.005
1519.66495 14.433 0.005
1522.74513 14.379 0.005
1523.69006 14.428 0.005
1525.66652 14.325 0.005
1527.78601 14.385 0.005
1528.79441 14.426 0.005
1529.83757 14.405 0.005
1531.81574 14.341 0.005
1538.77210 14.428 0.005
1541.81329 14.344 0.005
1542.79665 14.391 0.005
1544.73854 14.407 0.005
1547.81116 14.389 0.005
1548.82065 14.428 0.005
1549.83058 14.373 0.005
1552.70716 14.390 0.005
1553.78215 14.425 0.005
1554.79743 14.378 0.005
1555.78581 14.330 0.005
1555.83885 14.329 0.005
1561.57873 14.334 0.005
1562.78352 14.400 0.005
1566.63147 14.340 0.005
1568.65439 14.422 0.005
1571.71764 14.339 0.005
1575.68046 14.327 0.005
1577.74750 14.395 0.005
1579.71743 14.361 0.005
1581.66537 14.345 0.005
1584.64149 14.370 0.005
1586.65035 14.343 0.005
1590.60366 14.324 0.005
1593.54156 14.434 0.005
1595.61414 14.328 0.005
1596.72757 14.356 0.005
1599.71940 14.346 0.005
1600.64722 14.329 0.005
1600.70960 14.327 0.005
1601.72541 14.340 0.005
1602.70680 14.402 0.005
1604.69908 14.349 0.005
1606.67339 14.350 0.005
1609.68684 14.350 0.005
1610.70442 14.329 0.005
1611.68167 14.349 0.005
1613.67239 14.416 0.005
1615.68243 14.332 0.005
1616.61938 14.354 0.005
1617.66255 14.406 0.005
1618.50389 14.436 0.005
1620.52743 14.327 0.005
1620.67729 14.318 0.005
1622.67176 14.408 0.005
1624.66981 14.348 0.005
1625.64948 14.325 0.005
1627.66596 14.408 0.005
1629.64091 14.338 0.005
1630.65793 14.323 0.005
1633.49539 14.421 0.005
1634.61471 14.342 0.005
1635.62827 14.331 0.005
1643.60345 14.443 0.005
1644.55478 14.346 0.005
1650.48569 14.325 0.005
1653.52176 14.416 0.005
1654.57331 14.334 0.005
1655.51102 14.414 0.005
1655.57546 14.419 0.005
1656.50167 14.565 0.005
1656.58999 14.580 0.005
1657.49937 14.720 0.005
1657.57601 14.726 0.005
1658.52521 14.718 0.005
1658.56667 14.719 0.005
1659.50901 14.694 0.005
1659.56465 14.693 0.005
1660.50321 14.813 0.005
1661.49689 14.867 0.005
1661.58792 14.867 0.005
1662.50257 14.809 0.005
1662.55763 14.807 0.005
1663.49035 14.604 0.005
1663.55814 14.593 0.005
1664.51745 14.434 0.005
1664.58083 14.417 0.005
1665.53797 14.393 0.005
1665.58508 14.388 0.005
1667.49807 14.414 0.005
1667.57117 14.414 0.005
1669.51125 14.344 0.005
1669.55944 14.345 0.005
1670.49726 14.331 0.005
1671.50057 14.353 0.005
1671.56274 14.362 0.005
1672.52354 14.416 0.005
1672.56552 14.414 0.005
1682.47383 14.415 0.005
1684.47205 14.335 0.005
1687.47999 14.418 0.005
1690.48343 14.333 0.005
1691.48710 14.372 0.005
1694.47405 14.331 0.005
1698.47561 14.418 0.005
1700.47627 14.334 0.005
1701.48567 14.369 0.005
1702.47830 14.430 0.005
1782.89725 14.417 0.005
1783.88838 14.341 0.005
1790.87525 14.360 0.005
1813.80947 14.344 0.005
1818.86185 14.339 0.005
1823.87853 14.334 0.005
1826.86146 14.415 0.005
1843.79743 14.335 0.005
1844.81252 14.334 0.005
1845.70353 14.366 0.005
1850.71482 14.365 0.005
1855.78911 14.425 0.005
1860.76278 14.455 0.005
1864.74902 14.342 0.005
1866.78756 14.426 0.005
1868.74564 14.333 0.005
1869.78001 14.330 0.005
1874.78746 14.335 0.005
2156.89973 14.351 0.005
2161.86670 14.349 0.005
2173.87993 14.354 0.005
2186.81692 14.337 0.005
2192.84923 14.325 0.005
2201.83569 14.334 0.005
2214.81724 14.414 0.005
2221.76014 14.329 0.005
2224.77284 14.419 0.005
2227.67546 14.319 0.005
2229.68893 14.412 0.005
2230.83309 14.417 0.005
2232.85270 14.325 0.005
2234.84745 14.418 0.005
2237.76791 14.326 0.005
2241.69318 14.323 0.005
2243.74700 14.371 0.005
2247.82887 14.333 0.005
2248.83149 14.375 0.005
2250.81888 14.428 0.005
2252.67856 14.379 0.005
2254.66962 14.485 0.005
2257.67630 14.429 0.005
2260.68302 14.436 0.005
2264.68839 14.413 0.005
2266.67450 14.319 0.005
2270.68220 14.421 0.005
2271.82256 14.327 0.005
2272.83051 14.331 0.005
2274.67217 14.413 0.005
2276.77813 14.322 0.005
2277.83142 14.328 0.005
2279.84903 14.422 0.005
2280.82257 14.418 0.005
2282.71945 14.328 0.005
2288.78081 14.384 0.005
2290.81808 14.405 0.005
2292.79113 14.334 0.005
2294.76744 14.425 0.005
2296.78308 14.331 0.005
2298.73978 14.384 0.005
2300.75028 14.415 0.005
2302.72695 14.338 0.005
2304.77116 14.419 0.005
2323.60335 14.369 0.005
2327.58879 14.328 0.005
2333.59882 14.377 0.005
2345.53630 14.399 0.005
2351.51443 14.317 0.005
2369.51289 14.427 0.005
2385.49765 14.356 0.005
2529.84322 14.347 0.005
2539.84565 14.337 0.005
2545.81488 14.334 0.005
2552.86886 14.409 0.005
2556.86022 14.361 0.005
2560.76930 14.319 0.005
2564.87687 14.330 0.005
2573.87327 14.412 0.005
2578.79762 14.411 0.005
2583.85202 14.429 0.005
2590.75854 14.337 0.005
2596.77115 14.370 0.005
2605.80110 14.338 0.005
2609.77052 14.327 0.005
2614.72878 14.334 0.005
2618.78375 14.427 0.005
2621.70884 14.369 0.005
2624.61480 14.333 0.005
2627.71307 14.422 0.005
2629.73603 14.332 0.005
2632.66197 14.422 0.005
2635.70921 14.334 0.005
2638.68018 14.430 0.005
2640.77707 14.339 0.005
2642.73355 14.428 0.005
2644.73626 14.331 0.005
2646.69022 14.374 0.005
2650.74604 14.417 0.005
2652.80794 14.505 0.005
2654.76860 14.435 0.005
2656.67402 14.427 0.005
2658.63577 14.429 0.005
2660.65409 14.326 0.005
2662.66505 14.427 0.005
2664.64510 14.323 0.005
2666.70849 14.381 0.005
2668.69461 14.423 0.005
2670.65673 14.338 0.005
2672.79550 14.424 0.005
2674.69625 14.337 0.005
2676.68537 14.388 0.005
2678.73862 14.404 0.005
2680.64937 14.341 0.005
2682.69568 14.435 0.005
2687.57551 14.432 0.005
2693.53472 14.426 0.005
2696.57146 14.380 0.005
2701.55311 14.382 0.005
2707.55983 14.428 0.005
2714.54700 14.327 0.005
2839.92365 14.336 0.005
2867.89465 14.366 0.005
2885.87230 14.401 0.005
2892.90082 14.345 0.005
2897.86973 14.344 0.005
2907.78994 14.352 0.005
2911.82733 14.413 0.005
2916.87773 14.415 0.005
2922.86142 14.336 0.005
2926.79309 14.416 0.005
2930.86279 14.419 0.005
2934.76485 14.359 0.005
2940.74559 14.407 0.005
2943.74985 14.327 0.005
2947.75850 14.334 0.005
2949.84849 14.363 0.005
2953.71563 14.329 0.005
2956.74097 14.419 0.005
2958.76731 14.333 0.005
2962.77983 14.334 0.005
2965.80286 14.416 0.005
2968.67015 14.332 0.005
2973.79364 14.329 0.005
2976.80607 14.420 0.005
2978.71374 14.334 0.005
2980.72616 14.422 0.005
2982.71886 14.331 0.005
2984.76598 14.366 0.005
2986.84865 14.427 0.005
2988.81903 14.330 0.005
2989.77434 14.368 0.005
2991.66946 14.426 0.005
2993.68993 14.340 0.005
2995.76304 14.426 0.005
2997.73544 14.329 0.005
2999.69961 14.363 0.005
3001.79447 14.427 0.005
3003.76516 14.336 0.005
3005.72698 14.425 0.005
3007.64840 14.333 0.005
3009.64622 14.377 0.005
3011.74582 14.423 0.005
3017.75131 14.325 0.005
3019.67935 14.379 0.005
3021.79793 14.423 0.005
3023.65971 14.338 0.005
3025.62762 14.419 0.005
3027.67699 14.323 0.005
3029.66205 14.368 0.005
3031.73194 14.430 0.005
3033.79559 14.332 0.005
3035.80239 14.433 0.005
3038.78002 14.331 0.005
3041.62057 14.434 0.005
3043.65461 14.336 0.005
3045.71753 14.441 0.005
3047.67127 14.403 0.005
3048.60005 14.417 0.005
3050.61956 14.505 0.005
3052.62078 14.421 0.005
3054.62097 14.409 0.005
3056.61344 14.424 0.005
3058.60743 14.329 0.005
3060.65701 14.437 0.005
3068.54294 14.340 0.005
3070.60391 14.432 0.005
3073.63506 14.341 0.005
3078.64407 14.340 0.005
3082.62191 14.329 0.005
3085.52300 14.430 0.005
3087.66121 14.327 0.005
3090.62736 14.434 0.005
3096.54321 14.412 0.005
3099.61299 14.394 0.005
3102.59162 14.325 0.005
3104.57833 14.394 0.005
3107.56205 14.331 0.005
3110.56011 14.427 0.005
3113.53802 14.340 0.005
3128.51054 14.346 0.005
3140.51755 14.423 0.005
3216.88175 14.343 0.005
3241.92466 14.340 0.005
3248.86684 14.967 0.005
3257.89520 14.363 0.005
3264.81654 14.434 0.005
3270.88330 14.355 0.005
3274.76893 14.438 0.005
3277.89098 14.359 0.005
3287.77261 14.350 0.005
3291.70955 14.327 0.005
3295.73102 14.359 0.005
3297.72301 14.348 0.005
3299.78733 14.416 0.005
3301.78454 14.337 0.005
3304.84487 14.417 0.005
3307.71840 14.360 0.005
3309.75064 14.417 0.005
3311.74862 14.322 0.005
3320.79158 14.341 0.005
3327.76356 14.367 0.005
3330.72218 14.350 0.005
3334.82110 14.415 0.005
3339.76890 14.413 0.005
3354.78480 14.413 0.005
3358.83350 14.433 0.005
3372.77996 14.374 0.005
3378.69262 14.421 0.005
3387.68515 14.378 0.005
3391.76036 14.335 0.005
3399.72917 14.424 0.005
3403.71653 14.430 0.005
3406.68604 14.328 0.005
3410.63895 14.325 0.005
3415.63616 14.327 0.005
3420.62595 14.328 0.005
3427.59991 14.371 0.005
3433.62253 14.428 0.005
3438.55175 14.424 0.005
3446.50890 14.440 0.005
3455.53224 14.330 0.005
3461.52631 14.336 0.005
3473.48562 14.423 0.005
3619.83807 14.318 0.005
3629.91154 14.315 0.005
3633.87653 14.355 0.005
3639.78902 14.317 0.005
3644.82564 14.729 0.005
3651.76878 14.438 0.005
3654.81631 14.329 0.005
3658.78031 14.357 0.005
3661.85103 14.398 0.005
3668.82376 14.341 0.005
3672.81200 14.421 0.005
3676.76881 14.401 0.005
3684.83078 14.326 0.005
3687.80518 14.414 0.005
3690.72505 14.357 0.005
3693.75906 14.341 0.005
3695.79183 14.366 0.005
3698.77359 14.340 0.005
3700.80217 14.359 0.005
3703.73303 14.339 0.005
3705.80020 14.364 0.005
3708.78813 14.333 0.005
3712.74575 14.415 0.005
3714.81598 14.330 0.005
3717.67843 14.415 0.005
3719.85097 14.333 0.005
3721.81192 14.421 0.005
3726.70775 14.413 0.005
3730.73999 14.353 0.005
3732.73210 14.410 0.005
3735.63149 14.357 0.005
3737.76386 14.413 0.005
3739.83384 14.333 0.005
3741.84678 14.425 0.005
3743.74394 14.334 0.005
3746.78646 14.425 0.005
3748.73962 14.334 0.005
3749.74524 14.329 0.005
3751.75658 14.418 0.005
3753.70807 14.329 0.005
3755.70908 14.365 0.005
3757.69895 14.425 0.005
3759.76373 14.334 0.005
3762.78524 14.424 0.005
3765.77233 14.376 0.005
3770.64484 14.372 0.005
3773.71093 14.330 0.005
3776.68125 14.432 0.005
3779.63581 14.335 0.005
3782.74944 14.423 0.005
3787.61265 14.423 0.005
3792.56336 14.421 0.005
3800.54536 14.373 0.005
3810.50296 14.379 0.005
3823.51272 14.334 0.005
3964.89127 14.385 0.005
3969.92208 14.390 0.005
3981.88987 14.406 0.005
3998.88216 14.350 0.005
3999.84465 14.400 0.005
4001.89365 14.376 0.005
4004.85764 14.405 0.005
4005.87160 14.432 0.005
4008.73784 14.345 0.005
4013.77460 14.351 0.005
4018.86752 14.356 0.005
4024.73495 14.401 0.005
4026.80802 14.363 0.005
4029.75725 14.408 0.005
4032.77252 14.330 0.005
4038.73859 14.471 0.005
4041.69985 14.640 0.005
4043.70471 14.895 0.005
4046.79640 14.506 0.005
4049.66735 14.411 0.005
4052.72875 14.326 0.005
4054.71558 14.413 0.005
4056.77361 14.351 0.005
4058.80595 14.361 0.005
4063.70450 14.355 0.005
4066.76183 14.347 0.005
4068.66671 14.353 0.005
4070.69180 14.423 0.005
4074.75943 14.420 0.005
4077.80798 14.337 0.005
4079.85284 14.422 0.005
4083.69842 14.362 0.005
4085.76415 14.425 0.005
4093.74871 14.363 0.005
4102.86120 14.320 0.005
4105.82123 14.429 0.005
4109.79111 14.423 0.005
4113.74694 14.372 0.005
4120.77717 14.426 0.005
4122.73366 14.333 0.005
4125.78789 14.432 0.005
4132.67566 14.328 0.005
4142.72668 14.328 0.005
4156.56178 14.332 0.005
4168.51643 14.361 0.005
4197.49574 14.336 0.005
4341.92814 14.334 0.005
4347.87968 14.386 0.005
4353.81301 14.432 0.005
4358.91131 14.431 0.005
4364.87574 14.402 0.005
4367.90019 14.396 0.005
4371.76548 14.340 0.005
4377.82183 14.398 0.005
4380.83675 14.330 0.005
4386.81248 14.349 0.005
4390.77441 14.329 0.005
4394.73053 14.403 0.005
4399.74850 14.386 0.005
4407.71153 14.395 0.005
4412.72696 14.403 0.005
4418.82034 14.425 0.005
4426.76406 14.354 0.005
4430.69145 14.327 0.005
4432.75063 14.411 0.005
4436.79056 14.576 0.005
4439.85567 14.689 0.005
4443.74370 14.617 0.005
4449.70655 14.346 0.005
4451.71628 14.362 0.005
4455.71540 14.334 0.005
4457.74584 14.413 0.005
4460.81749 14.333 0.005
4463.73578 14.413 0.005
4466.72477 14.356 0.005
4470.67224 14.330 0.005
4473.71496 14.419 0.005
4477.77347 14.414 0.005
4482.77725 14.422 0.005
4486.75508 14.365 0.005
4492.65022 14.416 0.005
4494.67400 14.342 0.005
4498.70652 14.418 0.005
4501.70383 14.365 0.005
4506.63791 14.365 0.005
4508.66475 14.416 0.005
4510.73072 14.329 0.005
4517.66496 14.432 0.005
4521.64549 14.374 0.005
4524.60820 14.336 0.005
4530.63419 14.332 0.005
4532.65993 14.421 0.005
4536.63219 14.366 0.005
4539.51416 14.329 0.005
4541.62332 14.364 0.005
