 455.67151 14.795 0.005
 455.74574 14.802 0.005
 455.79331 14.793 0.005
 456.61341 14.823 0.005
 456.66315 14.831 0.005
 456.69592 14.823 0.005
 456.73393 14.830 0.005
 456.78134 14.824 0.005
 456.83276 14.825 0.005
 457.58110 14.849 0.005
 457.62505 14.844 0.005
 457.68367 14.854 0.005
 457.74227 14.854 0.005
 457.80092 14.858 0.005
 457.83041 14.854 0.005
 458.65749 14.891 0.005
 458.72655 14.891 0.005
 459.57471 14.926 0.005
 459.62087 14.924 0.005
 459.67944 14.936 0.005
 459.73888 14.932 0.005
 459.78274 14.935 0.005
 459.82655 14.940 0.005
 461.58563 15.028 0.005
 461.62937 15.034 0.005
 461.68806 15.033 0.005
 461.75420 15.041 0.005
 461.81621 15.045 0.005
 462.58615 15.080 0.005
 462.64477 15.086 0.005
 462.69074 15.090 0.005
 465.69282 15.225 0.005
 465.73728 15.228 0.005
 465.82204 15.236 0.005
 466.67331 15.261 0.005
 466.73986 15.254 0.005
 466.82485 15.252 0.005
 467.67698 15.244 0.005
 467.78157 15.246 0.005
 467.84751 15.237 0.005
 468.68788 15.176 0.005
 468.75381 15.177 0.005
 469.68457 15.040 0.005
 469.76269 15.033 0.005
 469.83164 15.022 0.005
 470.76328 14.849 0.005
 470.81036 14.839 0.005
 471.67038 14.718 0.005
 471.80717 14.716 0.005
 472.64503 14.688 0.005
 472.68882 14.682 0.005
 472.73260 14.684 0.005
 472.79853 14.687 0.005
 472.82803 14.672 0.005
 474.72456 14.743 0.005
 475.55892 14.756 0.005
 475.61769 14.757 0.005
 475.68379 14.754 0.005
 475.73594 14.753 0.005
 476.76996 14.767 0.005
 477.55564 14.769 0.005
 477.60697 14.768 0.005
 477.75443 14.766 0.005
 477.83527 14.770 0.005
 478.56181 14.770 0.005
 478.78220 14.772 0.005
 478.84114 14.769 0.005
 479.56063 14.783 0.005
 479.60449 14.777 0.005
 479.73828 14.776 0.005
 479.84210 14.780 0.005
 480.59669 14.785 0.005
 480.67784 14.786 0.005
 480.77143 14.798 0.005
 480.81553 14.799 0.005
 481.58188 14.808 0.005
 481.73026 14.818 0.005
 481.77423 14.810 0.005
 481.81817 14.816 0.005
 482.73110 14.847 0.005
 482.80901 14.851 0.005
 483.59736 14.884 0.005
 483.64182 14.882 0.005
 483.68570 14.889 0.005
 483.72967 14.892 0.005
 483.77358 14.897 0.005
 483.81750 14.899 0.005
 484.59604 14.937 0.005
 484.70471 14.949 0.005
 484.74908 14.952 0.005
 484.79309 14.953 0.005
 485.59969 15.005 0.005
 485.74662 15.023 0.005
 485.79074 15.014 0.005
 486.59622 15.067 0.005
 486.68256 15.074 0.005
 486.73828 15.084 0.005
 486.78345 15.077 0.005
 487.62317 15.138 0.005
 487.67143 15.137 0.005
 487.71925 15.146 0.005
 487.76335 15.152 0.005
 487.80754 15.147 0.005
 488.60870 15.209 0.005
 488.65260 15.214 0.005
 488.72147 15.207 0.005
 488.76547 15.210 0.005
 488.80954 15.231 0.005
 489.58439 15.265 0.005
 489.67338 15.280 0.005
 489.71728 15.275 0.005
 489.76123 15.282 0.005
 490.57763 15.315 0.005
 490.71480 15.328 0.005
 490.75892 15.330 0.005
 490.80291 15.336 0.005
 491.60214 15.357 0.005
 491.65395 15.375 0.005
 491.69808 15.363 0.005
 491.81151 15.378 0.005
 492.58631 15.375 0.005
 492.66064 15.370 0.005
 493.58936 15.331 0.005
 493.63383 15.332 0.005
 494.58408 15.188 0.005
 494.62802 15.180 0.005
 494.67221 15.174 0.005
 494.71654 15.158 0.005
 494.76151 15.158 0.005
 495.58687 14.955 0.005
 495.66051 14.930 0.005
 495.71399 14.922 0.005
 496.58225 14.763 0.005
 496.62703 14.755 0.005
 496.67111 14.747 0.005
 496.71603 14.746 0.005
 498.58134 14.721 0.005
 498.62536 14.721 0.005
 498.73910 14.739 0.005
 498.78307 14.739 0.005
 499.57629 14.735 0.005
 499.62199 14.734 0.005
 499.76229 14.722 0.005
 500.54552 14.731 0.005
 500.61898 14.736 0.005
 500.66392 14.733 0.005
 500.71503 14.736 0.005
 500.75949 14.737 0.005
 501.58317 14.732 0.005
 501.70192 14.735 0.005
 507.57160 14.837 0.005
 507.61679 14.830 0.005
 507.68861 14.838 0.005
 509.56745 14.930 0.005
 509.61458 14.938 0.005
 509.66691 14.934 0.005
 510.60909 15.003 0.005
 510.65466 14.994 0.005
 510.70224 15.004 0.005
 511.69455 15.040 0.005
 512.60123 15.120 0.005
 512.64953 15.108 0.005
 512.72386 15.127 0.005
 513.58153 15.166 0.005
 513.62710 15.171 0.005
 513.71880 15.178 0.005
 514.58975 15.220 0.005
 514.65884 15.231 0.005
 514.70918 15.232 0.005
 514.75604 15.227 0.005
 515.58390 15.268 0.005
 515.63865 15.266 0.005
 515.68689 15.271 0.005
 516.59021 15.303 0.005
 516.64440 15.302 0.005
 516.69138 15.298 0.005
 516.73788 15.305 0.005
 517.58819 15.285 0.005
 517.63803 15.288 0.005
 517.68802 15.282 0.005
 517.73415 15.285 0.005
 518.62555 15.189 0.005
 518.67079 15.186 0.005
 518.71988 15.179 0.005
 519.58615 15.014 0.005
 519.63281 15.003 0.005
 519.71521 14.978 0.005
 520.72697 14.818 0.005
 521.58248 14.718 0.005
 521.62759 14.715 0.005
 521.69038 14.703 0.005
 523.59172 14.738 0.005
 523.64453 14.744 0.005
 523.69443 14.747 0.005
 524.58414 14.756 0.005
 524.63412 14.768 0.005
 526.57112 14.779 0.005
 527.69629 14.790 0.005
 530.58642 14.793 0.005
 531.58383 14.824 0.005
 532.57332 14.843 0.005
 533.59055 14.881 0.005
 534.57978 14.932 0.005
 535.56433 15.000 0.005
 535.62464 15.008 0.005
 536.54350 15.066 0.005
 536.58867 15.068 0.005
 536.63920 15.068 0.005
 537.53809 15.131 0.005
 537.63828 15.139 0.005
 538.52607 15.196 0.005
 538.57780 15.201 0.005
 539.53471 15.263 0.005
 539.64578 15.287 0.005
 540.65152 15.334 0.005
 541.54508 15.377 0.005
 541.60209 15.368 0.005
 542.53417 15.380 0.005
 542.58605 15.384 0.005
 542.63351 15.385 0.005
 543.57241 15.326 0.005
 543.61646 15.312 0.005
 543.65351 15.304 0.005
 544.52517 15.125 0.005
 544.56948 15.118 0.005
 544.61375 15.108 0.005
 544.65899 15.090 0.005
 551.51491 14.826 0.005
 552.52636 14.809 0.005
 553.53173 14.795 0.005
 554.50843 14.796 0.005
 554.59388 14.803 0.005
 555.51475 14.824 0.005
 557.61534 14.899 0.005
 558.56210 14.937 0.005
 559.54594 14.995 0.005
 560.52397 15.050 0.005
 561.52399 15.105 0.005
 562.52555 15.161 0.005
 564.52675 15.240 0.005
 565.53253 15.273 0.005
 566.52651 15.287 0.005
 567.52759 15.236 0.005
 568.51284 15.114 0.005
 569.52262 14.928 0.005
 571.50848 14.697 0.005
 572.53873 14.709 0.005
 574.50066 14.747 0.005
 575.49925 14.776 0.005
 577.50823 14.783 0.005
 578.52177 14.785 0.005
 582.50394 14.855 0.005
 583.50669 14.903 0.005
 672.89214 14.809 0.005
 689.87614 15.374 0.005
 699.87735 14.775 0.005
 701.84297 14.753 0.005
 704.88548 14.803 0.005
 706.86688 14.886 0.005
 714.84274 15.274 0.005
 716.79893 15.194 0.005
 720.85526 14.724 0.005
 728.79410 14.826 0.005
 729.79414 14.847 0.005
 730.74967 14.863 0.005
 733.84069 14.987 0.005
 741.84391 15.251 0.005
 745.79877 14.760 0.005
 747.84713 14.796 0.005
 753.80101 14.795 0.005
 759.83557 15.006 0.005
 766.80969 15.182 0.005
 772.82883 14.836 0.005
 775.81054 14.832 0.005
 779.82919 14.835 0.005
 787.80558 15.242 0.005
 789.78960 15.311 0.005
 790.80007 15.318 0.005
 795.75771 14.657 0.005
 796.82960 14.697 0.005
 797.75737 14.716 0.005
 798.72934 14.738 0.005
 805.81423 14.830 0.005
 816.78525 15.258 0.005
 817.70449 15.076 0.005
 819.80416 14.726 0.005
 822.81837 14.780 0.005
 824.84761 14.801 0.005
 826.67111 14.799 0.005
 829.74170 14.851 0.005
 832.69792 14.977 0.005
 836.79674 15.248 0.005
 840.67611 15.339 0.005
 843.67654 14.890 0.005
 850.65014 14.723 0.005
 854.68797 14.814 0.005
 855.65485 14.853 0.005
 856.62117 14.904 0.005
 858.59373 15.000 0.005
 875.56907 14.804 0.005
 880.55463 14.861 0.005
 887.56794 15.193 0.005
 892.69625 15.041 0.005
 898.54925 14.788 0.005
 918.53745 14.922 0.005
 922.61657 14.794 0.005
 947.51385 14.704 0.005
1045.90231 14.780 0.005
1052.91777 14.811 0.005
1053.89799 14.814 0.005
1055.88616 14.846 0.005
1059.89892 15.075 0.005
1061.90869 15.216 0.005
1069.85612 14.784 0.005
1076.87806 14.735 0.005
1087.82827 15.146 0.005
1091.83078 15.091 0.005
1107.79598 14.957 0.005
1113.80876 15.309 0.005
1119.81348 14.766 0.005
1128.82174 14.810 0.005
1131.70729 14.897 0.005
1136.79263 15.166 0.005
1138.81906 15.244 0.005
1142.68376 14.976 0.005
1144.75266 14.722 0.005
1155.77784 14.901 0.005
1161.75326 15.233 0.005
1165.77398 15.329 0.005
1169.76886 14.671 0.005
1174.74268 14.736 0.005
1179.75951 14.849 0.005
1192.69313 14.853 0.005
1196.72602 14.800 0.005
1201.73489 14.791 0.005
1207.61159 15.008 0.005
1211.64934 15.240 0.005
1214.65024 15.289 0.005
1217.62508 14.814 0.005
1223.65615 14.777 0.005
1225.59711 14.760 0.005
1227.67759 14.800 0.005
1231.57352 14.975 0.005
1234.62174 15.170 0.005
1236.62926 15.239 0.005
1240.58170 15.137 0.005
1242.68340 14.847 0.005
1244.63303 14.764 0.005
1247.56362 14.781 0.005
1256.54831 14.976 0.005
1260.57384 15.206 0.005
1265.54876 15.146 0.005
1274.52667 14.776 0.005
1277.53095 14.789 0.005
1281.55943 14.976 0.005
1288.52918 15.343 0.006
1290.59661 15.221 0.005
1296.53395 14.748 0.005
1298.57186 14.754 0.005
1301.51363 14.777 0.005
1305.55940 14.905 0.005
1308.48891 15.048 0.005
1313.53544 15.204 0.006
1316.52729 14.945 0.005
1319.50357 14.748 0.005
1329.49739 14.884 0.005
1330.49691 14.914 0.005
1335.47329 15.228 0.005
1342.47211 14.919 0.005
1412.86193 15.318 0.005
1418.85915 14.702 0.005
1430.91371 14.950 0.005
1432.84753 15.086 0.005
1435.82354 15.273 0.006
1437.80745 15.385 0.005
1440.85509 15.070 0.005
1446.86715 14.804 0.005
1451.87695 14.834 0.005
1455.85579 14.996 0.005
1459.79444 15.174 0.005
1462.79872 15.230 0.005
1475.77170 14.817 0.005
1484.85016 15.216 0.005
1487.74709 15.343 0.005
1490.72695 15.030 0.005
1492.72007 14.783 0.005
1495.71855 14.820 0.005
1499.67633 14.784 0.005
1502.67160 14.835 0.005
1505.71219 14.970 0.005
1507.84562 15.054 0.005
1512.71838 15.167 0.005
1514.82949 15.078 0.005
1517.66493 14.844 0.005
1519.73857 14.860 0.005
1521.67431 14.900 0.005
1523.79506 14.865 0.005
1525.78945 14.856 0.005
1527.71838 14.885 0.005
1528.76475 14.907 0.005
1529.78581 14.951 0.005
1531.77896 15.049 0.005
1538.73548 15.286 0.005
1541.69157 14.776 0.005
1542.72145 14.696 0.005
1544.64747 14.745 0.005
1547.77439 14.801 0.005
1548.75199 14.810 0.005
1549.74626 14.828 0.005
1552.61100 14.887 0.005
1554.73748 14.966 0.005
1555.74416 15.026 0.005
1562.74713 15.299 0.005
1564.62572 15.221 0.005
1567.71828 14.696 0.005
1570.62362 14.755 0.005
1574.75030 14.780 0.005
1577.69999 14.852 0.005
1580.73604 14.994 0.005
1583.62141 15.196 0.005
1586.62168 15.344 0.005
1589.62624 15.176 0.005
1592.61800 14.686 0.005
1595.66390 14.730 0.005
1599.60359 14.746 0.005
1601.68157 14.785 0.005
1604.56311 14.880 0.005
1606.59798 15.020 0.005
1609.63934 15.207 0.005
1610.62447 15.266 0.005
1613.51549 15.314 0.005
1615.54744 15.020 0.005
1617.61883 14.754 0.005
1619.60246 14.785 0.005
1620.55365 14.796 0.005
1622.50381 14.781 0.005
1624.50036 14.770 0.005
1626.50120 14.793 0.005
1627.62231 14.842 0.005
1629.50136 14.923 0.005
1630.58274 14.980 0.005
1632.51928 15.091 0.005
1634.49701 15.187 0.005
1643.48892 14.768 0.005
1646.48790 14.824 0.005
1650.57436 14.840 0.005
1654.52635 14.948 0.005
1656.51255 15.076 0.005
1659.52000 15.230 0.005
1661.54396 15.312 0.005
1663.56923 15.313 0.005
1667.51089 14.692 0.005
1670.53263 14.728 0.005
1673.50309 14.739 0.005
1681.47300 15.006 0.005
1694.47748 14.784 0.005
1771.89139 14.737 0.005
1772.87125 14.732 0.005
1775.87233 14.769 0.005
1784.85689 15.136 0.005
1789.84562 14.984 0.005
1804.79525 14.991 0.005
1808.87581 15.234 0.005
1812.79034 15.312 0.005
1816.80171 14.750 0.005
1821.79226 14.711 0.005
1823.83438 14.732 0.005
1826.81746 14.809 0.005
1829.79112 14.911 0.005
1830.80443 14.956 0.005
1834.84341 15.161 0.005
1845.84085 14.867 0.005
1851.83822 14.872 0.005
1859.78054 15.297 0.005
1861.79776 15.380 0.005
1864.77519 14.959 0.005
1865.75540 14.734 0.005
1867.80917 14.721 0.005
1870.72803 14.763 0.005
1871.81204 14.752 0.005
1873.77159 14.753 0.005
2123.93450 14.797 0.005
2130.92356 15.191 0.006
2131.92535 15.274 0.006
2132.92352 15.334 0.006
2134.92508 15.435 0.006
2140.92475 14.737 0.005
2142.91199 14.730 0.005
2144.92237 14.746 0.005
2156.89607 15.152 0.006
2161.86302 15.075 0.006
2173.87628 14.828 0.005
2190.80798 14.702 0.005
2192.84593 14.763 0.005
2201.83238 14.962 0.005
2214.81394 14.707 0.005
2221.75684 14.774 0.005
2224.76955 14.850 0.005
2227.67217 14.995 0.006
2229.68563 15.134 0.006
2230.82979 15.211 0.006
2237.76461 14.833 0.005
2241.68986 14.829 0.005
2243.74372 14.824 0.005
2247.82559 14.794 0.005
2248.82818 14.826 0.005
2250.81497 14.935 0.005
2252.67528 15.056 0.006
2254.66634 15.190 0.006
2257.67301 15.345 0.006
2260.67972 15.158 0.006
2264.68510 14.693 0.005
2266.67121 14.738 0.005
2270.67890 14.730 0.005
2271.81926 14.753 0.005
2272.82721 14.781 0.005
2274.66473 14.835 0.005
2276.77484 14.931 0.005
2277.82814 14.998 0.005
2279.84574 15.124 0.006
2280.81929 15.198 0.006
2282.70891 15.302 0.006
2283.87005 15.350 0.006
2288.77751 14.814 0.006
2290.81480 14.846 0.005
2292.78782 14.841 0.005
2294.76415 14.794 0.006
2296.77979 14.783 0.006
2298.73650 14.824 0.005
2300.74697 14.928 0.006
2302.72365 15.050 0.006
2304.76785 15.168 0.006
2323.59973 14.830 0.005
2327.58515 15.054 0.006
2333.59517 15.418 0.007
2339.57156 14.729 0.005
2345.53263 14.752 0.006
2351.51076 14.989 0.006
2369.50827 14.804 0.006
2385.49396 15.115 0.006
2529.83955 15.227 0.006
2539.84198 14.743 0.005
2545.81155 14.738 0.005
2552.86519 15.045 0.006
2556.85656 15.277 0.006
2560.76498 15.062 0.006
2564.87325 14.773 0.005
2573.86996 14.860 0.006
2578.79432 15.126 0.006
2583.84872 15.331 0.006
2590.75492 14.741 0.005
2596.76753 14.792 0.006
2605.79479 15.311 0.006
2609.76695 15.244 0.006
2614.72524 14.691 0.006
2618.78021 14.740 0.005
2621.70532 14.782 0.005
2624.61127 14.879 0.006
2627.70978 15.065 0.006
2629.73273 15.201 0.006
2632.65867 15.331 0.006
2635.70591 15.103 0.006
2638.67689 14.722 0.005
2640.77378 14.765 0.005
2642.73000 14.760 0.006
2644.73270 14.763 0.005
2646.68693 14.789 0.005
2650.74250 14.975 0.006
2652.79989 15.095 0.006
2654.76530 15.206 0.006
2656.67072 15.270 0.006
2658.63247 15.240 0.006
2660.65080 14.989 0.006
2662.66174 14.688 0.005
2664.64180 14.721 0.005
2666.70519 14.752 0.005
2668.69131 14.766 0.005
2670.65343 14.784 0.006
2672.79219 14.826 0.005
2674.69294 14.900 0.006
2676.68205 15.014 0.006
2678.73530 15.158 0.006
2680.64606 15.276 0.006
2682.69211 15.355 0.006
2687.57192 14.762 0.005
2693.53115 14.802 0.005
2696.56788 14.829 0.006
2701.54953 15.101 0.006
2707.55130 15.333 0.006
2714.54340 14.718 0.005
2839.92000 14.782 0.006
2867.89101 14.799 0.006
2885.86870 14.756 0.005
2892.89721 14.741 0.006
2897.86612 14.867 0.006
2907.78634 15.191 0.006
2911.82373 14.769 0.005
2916.87415 14.861 0.005
2922.85785 14.957 0.006
2926.78955 15.128 0.006
2930.85923 15.298 0.006
2934.76126 14.896 0.005
2940.74111 14.729 0.005
2943.74630 14.766 0.005
2947.75495 14.888 0.006
2949.84495 14.998 0.006
2953.71209 15.250 0.006
2956.73743 15.350 0.006
2958.76379 15.043 0.006
2962.77629 14.746 0.005
2965.79932 14.747 0.005
2968.66661 14.768 0.005
2973.79011 14.944 0.006
2976.80254 15.113 0.006
2978.71019 15.216 0.006
2980.72261 15.279 0.006
2982.71533 15.168 0.006
2984.76246 14.784 0.005
2986.84513 14.759 0.006
2988.81550 14.796 0.005
2989.77081 14.800 0.005
2991.66595 14.788 0.005
2993.68638 14.790 0.005
2995.75421 14.842 0.005
2997.73190 14.922 0.006
3001.79094 15.227 0.006
3003.76159 15.349 0.006
3005.72343 15.395 0.006
3007.64485 15.140 0.006
3009.64270 14.693 0.005
3011.74228 14.708 0.005
3017.74779 14.739 0.005
3019.67582 14.786 0.005
3021.79439 14.860 0.005
3023.65617 14.957 0.005
3025.62407 15.068 0.006
3027.67345 15.190 0.006
3029.65848 15.247 0.006
3031.72840 15.147 0.006
3033.79204 14.840 0.005
3035.79887 14.805 0.005
3038.77649 14.884 0.005
3041.61700 14.875 0.006
3043.65104 14.872 0.006
3045.71396 14.914 0.006
3047.66771 15.036 0.006
3048.59649 15.090 0.006
3050.61600 15.203 0.006
3052.61720 15.312 0.006
3054.61742 15.358 0.006
3056.60987 15.211 0.006
3058.60386 14.773 0.005
3060.65346 14.672 0.005
3068.53938 14.799 0.006
3070.60029 14.859 0.006
3073.63148 15.046 0.006
3076.54509 15.272 0.006
3078.64050 15.373 0.006
3082.61831 15.011 0.005
3085.51940 14.737 0.005
3087.65759 14.760 0.006
3090.62374 14.736 0.005
3096.53962 14.892 0.006
3099.60940 15.062 0.006
3102.58801 15.246 0.006
3104.57473 15.320 0.006
3107.55843 15.013 0.006
3110.55650 14.811 0.005
3113.53441 14.826 0.006
3128.50692 15.326 0.006
3140.51391 14.784 0.005
3216.87814 14.821 0.006
3248.86326 15.113 0.006
3257.89160 14.739 0.005
3264.81294 14.820 0.005
3270.87973 14.952 0.005
3274.76538 15.204 0.006
3277.88741 15.424 0.006
3287.76907 14.741 0.005
3295.72749 14.904 0.005
3297.71946 15.016 0.005
3299.78378 15.129 0.005
3301.78100 15.238 0.006
3304.84134 15.171 0.006
3307.71488 14.793 0.006
3309.74710 14.823 0.005
3311.74507 14.831 0.005
3320.78803 14.970 0.005
3323.73416 15.187 0.005
3327.76000 15.397 0.006
3330.71865 15.081 0.006
3334.81758 14.737 0.005
3338.86601 14.737 0.005
3339.76535 14.741 0.005
3354.78126 15.094 0.006
3358.82996 14.796 0.005
3365.76005 14.826 0.005
3372.77645 15.117 0.006
3378.68907 15.364 0.006
3387.68157 14.742 0.005
3391.75682 14.778 0.005
3399.72563 15.180 0.006
3403.71297 15.225 0.006
3406.68250 14.781 0.005
3410.63545 14.808 0.005
3415.63265 14.811 0.005
3427.59637 15.327 0.006
3433.61897 14.725 0.005
3438.54817 14.774 0.005
3446.50533 15.110 0.006
3455.52866 15.013 0.006
3461.52273 14.742 0.005
3473.48206 15.128 0.006
3575.94071 15.208 0.006
3592.93256 14.870 0.005
3619.83448 14.918 0.005
3629.90796 14.957 0.005
3633.87299 14.761 0.005
3639.78547 14.790 0.005
3644.82209 14.958 0.005
3651.76525 15.432 0.006
3654.81277 15.218 0.006
3658.77679 14.690 0.005
3661.84749 14.724 0.005
3668.82022 14.877 0.005
3672.80849 15.103 0.005
3676.76528 15.261 0.006
3684.82727 14.834 0.005
3687.80168 14.833 0.005
3690.72154 14.830 0.005
3693.75556 14.952 0.005
3695.78832 15.088 0.005
3698.77007 15.295 0.006
3700.79865 15.400 0.006
3703.72953 15.271 0.006
3705.79670 14.801 0.005
3708.78463 14.712 0.005
3712.74225 14.729 0.005
3714.81248 14.769 0.005
3717.67492 14.854 0.005
3719.84744 14.961 0.005
3721.80841 15.062 0.005
3726.70425 15.260 0.006
3730.73649 14.849 0.005
3732.72858 14.768 0.005
3734.85942 14.805 0.005
3737.76036 14.822 0.005
3739.83034 14.808 0.005
3741.84328 14.849 0.005
3743.74041 14.910 0.005
3746.78292 15.088 0.006
3748.73612 15.228 0.006
3749.74170 15.278 0.006
3751.75306 15.359 0.006
3753.70456 15.229 0.006
3755.70556 14.785 0.005
3757.69542 14.709 0.005
3759.76021 14.800 0.005
3762.78172 14.803 0.005
3765.76881 14.828 0.005
3770.64132 15.086 0.005
3773.70740 15.228 0.006
3776.67772 15.287 0.006
3779.63230 14.915 0.006
3782.74590 14.721 0.005
3787.60911 14.755 0.005
3792.55983 14.867 0.005
3800.54182 15.303 0.006
3809.54906 14.799 0.005
3823.50916 15.223 0.006
3946.93135 15.131 0.006
3964.88773 14.842 0.005
3969.91854 15.086 0.005
3981.88634 14.706 0.005
3989.91496 14.823 0.005
3998.87866 15.236 0.005
3999.84114 15.257 0.005
4001.89016 15.167 0.005
4004.85413 14.695 0.005
4005.86808 14.712 0.005
4008.73435 14.803 0.005
4011.90124 14.762 0.005
4018.86402 15.024 0.005
4024.73147 15.372 0.006
4026.80453 15.281 0.005
4029.75376 14.735 0.005
4032.76906 14.768 0.005
4038.73513 14.798 0.005
4041.69639 14.915 0.005
4043.70124 15.017 0.005
4046.79297 15.185 0.006
4049.66390 15.289 0.005
4052.72531 15.024 0.005
4054.71211 14.701 0.005
4056.77013 14.777 0.005
4058.80246 14.797 0.005
4063.70106 14.804 0.005
4066.75837 14.909 0.005
4068.66326 15.029 0.005
4070.68835 15.181 0.005
4074.75598 15.399 0.006
4077.80450 15.022 0.005
4079.84939 14.707 0.005
4083.69496 14.742 0.005
4085.76069 14.729 0.005
4093.74522 14.997 0.005
4102.85775 14.966 0.005
4105.81779 14.796 0.005
4109.78766 14.800 0.005
4113.74349 14.815 0.005
4120.77372 15.152 0.005
4122.73018 15.250 0.005
4125.78445 15.326 0.006
4132.67221 14.709 0.005
4142.72319 14.878 0.006
4156.55829 14.815 0.006
4168.51294 15.024 0.006
4197.49220 15.284 0.006
4341.92462 15.057 0.006
4347.87554 15.438 0.006
4353.80951 14.692 0.005
4358.90781 14.658 0.005
4364.87223 14.823 0.006
4367.89668 15.003 0.006
4371.76197 15.206 0.006
4377.81834 14.756 0.005
4380.83327 14.788 0.005
4386.80899 14.790 0.006
4390.77090 14.941 0.006
4394.72705 15.215 0.006
4399.74500 15.320 0.007
4412.72350 14.778 0.005
4418.81690 15.077 0.006
4421.86271 15.239 0.006
4426.76061 14.820 0.006
4430.68799 14.818 0.006
4432.74718 14.834 0.005
4436.78711 14.808 0.006
4439.85219 14.916 0.006
4443.74022 15.177 0.006
4449.70309 15.311 0.006
4451.71284 14.837 0.006
4455.71192 14.738 0.005
4457.74238 14.751 0.005
4460.81402 14.750 0.006
4463.73231 14.863 0.005
4466.72131 15.047 0.006
4470.66877 15.277 0.006
4473.71150 15.216 0.006
4477.76998 14.696 0.005
4482.77380 14.790 0.006
4486.75162 14.823 0.005
4491.72515 15.046 0.006
4494.67051 15.262 0.006
4498.70324 15.351 0.006
4501.70049 14.785 0.005
4506.63461 14.789 0.005
4508.65764 14.743 0.005
4510.72722 14.787 0.005
4517.66144 15.094 0.006
4521.64198 15.225 0.006
4524.60471 15.080 0.006
4530.63068 14.830 0.005
4532.65643 14.812 0.005
4536.62867 14.826 0.005
4539.51064 14.933 0.006
4541.61978 15.059 0.006
